  0.97723722E+04   0.10674960E+03
  0.95499259E+04   0.10674958E+03
  0.93325430E+04   0.10674957E+03
  0.91201084E+04   0.10674955E+03
  0.89125094E+04   0.10674966E+03
  0.87096359E+04   0.10674960E+03
  0.85113804E+04   0.10674954E+03
  0.83176377E+04   0.10674948E+03
  0.81283052E+04   0.10674943E+03
  0.79432823E+04   0.10674969E+03
  0.77624712E+04   0.10674956E+03
  0.75857758E+04   0.10674944E+03
  0.74131024E+04   0.10674932E+03
  0.72443596E+04   0.10674922E+03
  0.70794578E+04   0.10674912E+03
  0.69183097E+04   0.10674903E+03
  0.67608298E+04   0.10674895E+03
  0.66069345E+04   0.10674888E+03
  0.64565423E+04   0.10674881E+03
  0.63095734E+04   0.10674874E+03
  0.61659500E+04   0.10674867E+03
  0.60255959E+04   0.10674861E+03
  0.58884366E+04   0.10674855E+03
  0.57543994E+04   0.10674848E+03
  0.56234133E+04   0.10674841E+03
  0.54954087E+04   0.10674834E+03
  0.53703180E+04   0.10674826E+03
  0.52480746E+04   0.10674819E+03
  0.51286138E+04   0.10674810E+03
  0.50118723E+04   0.10674802E+03
  0.48977882E+04   0.10674793E+03
  0.47863009E+04   0.10674783E+03
  0.46773514E+04   0.10674773E+03
  0.45708819E+04   0.10674762E+03
  0.44668359E+04   0.10674751E+03
  0.43651583E+04   0.10674740E+03
  0.42657952E+04   0.10674727E+03
  0.41686938E+04   0.10674715E+03
  0.40738028E+04   0.10674701E+03
  0.39810717E+04   0.10674687E+03
  0.38904514E+04   0.10674672E+03
  0.38018940E+04   0.10674657E+03
  0.37153523E+04   0.10674641E+03
  0.36307805E+04   0.10674624E+03
  0.35481339E+04   0.10674606E+03
  0.34673685E+04   0.10674588E+03
  0.33884416E+04   0.10674568E+03
  0.33113112E+04   0.10674548E+03
  0.32359366E+04   0.10674527E+03
  0.31622777E+04   0.10674504E+03
  0.30902954E+04   0.10674481E+03
  0.30199517E+04   0.10674457E+03
  0.29512092E+04   0.10674431E+03
  0.28840315E+04   0.10674404E+03
  0.28183829E+04   0.10674376E+03
  0.27542287E+04   0.10674347E+03
  0.26915348E+04   0.10674316E+03
  0.26302680E+04   0.10674284E+03
  0.25703958E+04   0.10674250E+03
  0.25118864E+04   0.10674215E+03
  0.24547089E+04   0.10674178E+03
  0.23988329E+04   0.10674140E+03
  0.23442288E+04   0.10674099E+03
  0.22908677E+04   0.10674057E+03
  0.22387211E+04   0.10674013E+03
  0.21877616E+04   0.10673966E+03
  0.21379621E+04   0.10673917E+03
  0.20892961E+04   0.10673867E+03
  0.20417379E+04   0.10673813E+03
  0.19952623E+04   0.10673758E+03
  0.19498446E+04   0.10673699E+03
  0.19054607E+04   0.10673638E+03
  0.18620871E+04   0.10673574E+03
  0.18197009E+04   0.10673507E+03
  0.17782794E+04   0.10673437E+03
  0.17378008E+04   0.10673363E+03
  0.16982437E+04   0.10673287E+03
  0.16595869E+04   0.10673206E+03
  0.16218101E+04   0.10673122E+03
  0.15848932E+04   0.10673034E+03
  0.15488166E+04   0.10672941E+03
  0.15135612E+04   0.10672845E+03
  0.14791084E+04   0.10672743E+03
  0.14454398E+04   0.10672637E+03
  0.14125375E+04   0.10672526E+03
  0.13803843E+04   0.10672410E+03
  0.13489629E+04   0.10672289E+03
  0.13182567E+04   0.10672162E+03
  0.12882496E+04   0.10672028E+03
  0.12589254E+04   0.10671889E+03
  0.12302688E+04   0.10671743E+03
  0.12022644E+04   0.10671590E+03
  0.11748976E+04   0.10671430E+03
  0.11481536E+04   0.10671263E+03
  0.11220185E+04   0.10671088E+03
  0.10964782E+04   0.10670905E+03
  0.10715193E+04   0.10670713E+03
  0.10471285E+04   0.10670512E+03
  0.10232930E+04   0.10670301E+03
  0.10000000E+04   0.10670081E+03
  0.97723722E+03   0.10669851E+03
  0.95499259E+03   0.10669610E+03
  0.93325430E+03   0.10669358E+03
  0.91201084E+03   0.10669093E+03
  0.89125094E+03   0.10668817E+03
  0.87096359E+03   0.10668528E+03
  0.85113804E+03   0.10668225E+03
  0.83176377E+03   0.10667908E+03
  0.81283052E+03   0.10667577E+03
  0.79432823E+03   0.10667230E+03
  0.77624712E+03   0.10666866E+03
  0.75857758E+03   0.10666486E+03
  0.74131024E+03   0.10666089E+03
  0.72443596E+03   0.10665673E+03
  0.70794578E+03   0.10665237E+03
  0.69183097E+03   0.10664782E+03
  0.67608298E+03   0.10664305E+03
  0.66069345E+03   0.10663806E+03
  0.64565423E+03   0.10663284E+03
  0.63095734E+03   0.10662738E+03
  0.61659500E+03   0.10662167E+03
  0.60255959E+03   0.10661569E+03
  0.58884366E+03   0.10660944E+03
  0.57543994E+03   0.10660290E+03
  0.56234133E+03   0.10659606E+03
  0.54954087E+03   0.10658890E+03
  0.53703180E+03   0.10658141E+03
  0.52480746E+03   0.10657358E+03
  0.51286138E+03   0.10656539E+03
  0.50118723E+03   0.10655682E+03
  0.48977882E+03   0.10654786E+03
  0.47863009E+03   0.10653849E+03
  0.46773514E+03   0.10652869E+03
  0.45708819E+03   0.10651844E+03
  0.44668359E+03   0.10650773E+03
  0.43651583E+03   0.10649652E+03
  0.42657952E+03   0.10648480E+03
  0.41686938E+03   0.10647332E+03
  0.40738028E+03   0.10646036E+03
  0.39810717E+03   0.10644682E+03
  0.38904514E+03   0.10643269E+03
  0.38018940E+03   0.10641794E+03
  0.37153523E+03   0.10640255E+03
  0.36307805E+03   0.10638648E+03
  0.35481339E+03   0.10636971E+03
  0.34673685E+03   0.10635220E+03
  0.33884416E+03   0.10633392E+03
  0.33113112E+03   0.10631483E+03
  0.32359366E+03   0.10629489E+03
  0.31622777E+03   0.10627408E+03
  0.30902954E+03   0.10625234E+03
  0.30199517E+03   0.10622964E+03
  0.29512092E+03   0.10620594E+03
  0.28840315E+03   0.10618119E+03
  0.28183829E+03   0.10615534E+03
  0.27542287E+03   0.10612836E+03
  0.26915348E+03   0.10610019E+03
  0.26302680E+03   0.10607079E+03
  0.25703958E+03   0.10604010E+03
  0.25118864E+03   0.10600807E+03
  0.24547089E+03   0.10597466E+03
  0.23988329E+03   0.10593979E+03
  0.23442288E+03   0.10590343E+03
  0.22908677E+03   0.10586549E+03
  0.22387211E+03   0.10582594E+03
  0.21877616E+03   0.10578470E+03
  0.21379621E+03   0.10574170E+03
  0.20892961E+03   0.10569689E+03
  0.20417379E+03   0.10565019E+03
  0.19952623E+03   0.10560154E+03
  0.19498446E+03   0.10555086E+03
  0.19054607E+03   0.10549807E+03
  0.18620871E+03   0.10544311E+03
  0.18197009E+03   0.10538589E+03
  0.17782794E+03   0.10532633E+03
  0.17378008E+03   0.10526458E+03
  0.16982437E+03   0.10520007E+03
  0.16595869E+03   0.10513297E+03
  0.16218101E+03   0.10506322E+03
  0.15848932E+03   0.10499072E+03
  0.15488166E+03   0.10491539E+03
  0.15135612E+03   0.10483714E+03
  0.14791084E+03   0.10475587E+03
  0.14454398E+03   0.10467151E+03
  0.14125375E+03   0.10458396E+03
  0.13803843E+03   0.10449313E+03
  0.13489629E+03   0.10439894E+03
  0.13182567E+03   0.10430128E+03
  0.12882496E+03   0.10420008E+03
  0.12589254E+03   0.10409600E+03
  0.12302688E+03   0.10398728E+03
  0.12022644E+03   0.10387478E+03
  0.11748976E+03   0.10375839E+03
  0.11481536E+03   0.10363806E+03
  0.11220185E+03   0.10351370E+03
  0.10964782E+03   0.10338524E+03
  0.10715193E+03   0.10325262E+03
  0.10471285E+03   0.10311576E+03
  0.10232930E+03   0.10297460E+03
  0.10000000E+03   0.10282909E+03
  0.97723722E+02   0.10267918E+03
  0.95499259E+02   0.10252482E+03
  0.93325430E+02   0.10236598E+03
  0.91201084E+02   0.10220263E+03
  0.89125094E+02   0.10203474E+03
  0.87096359E+02   0.10186231E+03
  0.85113804E+02   0.10168534E+03
  0.83176377E+02   0.10150383E+03
  0.81283052E+02   0.10131780E+03
  0.79432823E+02   0.10112729E+03
  0.77624712E+02   0.10093232E+03
  0.75857758E+02   0.10073296E+03
  0.74131024E+02   0.10052927E+03
  0.72443596E+02   0.10032133E+03
  0.70794578E+02   0.10010923E+03
  0.69183097E+02   0.99893071E+02
  0.67608298E+02   0.99672970E+02
  0.66069345E+02   0.99449059E+02
  0.64565423E+02   0.99221481E+02
  0.63095734E+02   0.98990395E+02
  0.61659500E+02   0.98755968E+02
  0.60255959E+02   0.98518385E+02
  0.58884366E+02   0.98277843E+02
  0.57543994E+02   0.98034549E+02
  0.56234133E+02   0.97788724E+02
  0.54954087E+02   0.97540600E+02
  0.53703180E+02   0.97290418E+02
  0.52480746E+02   0.97038430E+02
  0.51286138E+02   0.96784899E+02
  0.50118723E+02   0.96530091E+02
  0.48977882E+02   0.96274283E+02
  0.47863009E+02   0.96017757E+02
  0.46773514E+02   0.95760799E+02
  0.45708819E+02   0.95503699E+02
  0.44668359E+02   0.95246748E+02
  0.43651583E+02   0.94990239E+02
  0.42657952E+02   0.94734464E+02
  0.41686938E+02   0.94479715E+02
  0.40738028E+02   0.94226276E+02
  0.39810717E+02   0.93974430E+02
  0.38904514E+02   0.93724455E+02
  0.38018940E+02   0.93476619E+02
  0.37153523E+02   0.93231183E+02
  0.36307805E+02   0.92988399E+02
  0.35481339E+02   0.92748508E+02
  0.34673685E+02   0.92511737E+02
  0.33884416E+02   0.92278305E+02
  0.33113112E+02   0.92048416E+02
  0.32359366E+02   0.91822259E+02
  0.31622777E+02   0.91600011E+02
  0.30902954E+02   0.91381833E+02
  0.30199517E+02   0.91167871E+02
  0.29512092E+02   0.90958258E+02
  0.28840315E+02   0.90753113E+02
  0.28183829E+02   0.90552536E+02
  0.27542287E+02   0.90356618E+02
  0.26915348E+02   0.90165433E+02
  0.26302680E+02   0.89979044E+02
  0.25703958E+02   0.89797500E+02
  0.25118864E+02   0.89620839E+02
  0.24547089E+02   0.89449088E+02
  0.23988329E+02   0.89282261E+02
  0.23442288E+02   0.89120367E+02
  0.22908677E+02   0.88963403E+02
  0.22387211E+02   0.88811359E+02
  0.21877616E+02   0.88664219E+02
  0.21379621E+02   0.88521956E+02
  0.20892961E+02   0.88384543E+02
  0.20417379E+02   0.88251944E+02
  0.19952623E+02   0.88124120E+02
  0.19498446E+02   0.88001025E+02
  0.19054607E+02   0.87882611E+02
  0.18620871E+02   0.87768825E+02
  0.18197009E+02   0.87659610E+02
  0.17782794E+02   0.87554906E+02
  0.17378008E+02   0.87454648E+02
  0.16982437E+02   0.87358767E+02
  0.16595869E+02   0.87267189E+02
  0.16218101E+02   0.87179837E+02
  0.15848932E+02   0.87096627E+02
  0.15488166E+02   0.87017472E+02
  0.15135612E+02   0.86942279E+02
  0.14791084E+02   0.86870948E+02
  0.14454398E+02   0.86803374E+02
  0.14125375E+02   0.86739447E+02
  0.13803843E+02   0.86679049E+02
  0.13489629E+02   0.86622058E+02
  0.13182567E+02   0.86568344E+02
  0.12882496E+02   0.86517774E+02
  0.12589254E+02   0.86470206E+02
  0.12302688E+02   0.86425496E+02
  0.12022644E+02   0.86383493E+02
  0.11748976E+02   0.86344045E+02
  0.11481536E+02   0.86306993E+02
  0.11220185E+02   0.86272179E+02
  0.10964782E+02   0.86239438E+02
  0.10715193E+02   0.86208609E+02
  0.10471285E+02   0.86179779E+02
  0.10232930E+02   0.86152936E+02
  0.10000000E+02   0.86126662E+02
  0.97723722E+01   0.86101663E+02
  0.95499259E+01   0.86077787E+02
  0.93325430E+01   0.86054883E+02
  0.91201084E+01   0.86032801E+02
  0.89125094E+01   0.86011395E+02
  0.87096359E+01   0.85990524E+02
  0.85113804E+01   0.85970049E+02
  0.83176377E+01   0.85949837E+02
  0.81283052E+01   0.85929761E+02
  0.79432823E+01   0.85909700E+02
  0.77624712E+01   0.85889538E+02
  0.75857758E+01   0.85869167E+02
  0.74131024E+01   0.85848481E+02
  0.72443596E+01   0.85827384E+02
  0.70794578E+01   0.85805783E+02
  0.69183097E+01   0.85783589E+02
  0.67608298E+01   0.85760720E+02
  0.66069345E+01   0.85737096E+02
  0.64565423E+01   0.85712642E+02
  0.63095734E+01   0.85687286E+02
  0.61659500E+01   0.85660958E+02
  0.60255959E+01   0.85633591E+02
  0.58884366E+01   0.85605118E+02
  0.57543994E+01   0.85575475E+02
  0.56234133E+01   0.85544600E+02
  0.54954087E+01   0.85512429E+02
  0.53703180E+01   0.85478900E+02
  0.52480746E+01   0.85443950E+02
  0.51286138E+01   0.85407517E+02
  0.50118723E+01   0.85369537E+02
  0.48977882E+01   0.85329945E+02
  0.47863009E+01   0.85288679E+02
  0.46773514E+01   0.85245670E+02
  0.45708819E+01   0.85200852E+02
  0.44668359E+01   0.85154157E+02
  0.43651583E+01   0.85105516E+02
  0.42657952E+01   0.85054857E+02
  0.41686938E+01   0.85002109E+02
  0.40738028E+01   0.84947197E+02
  0.39810717E+01   0.84890049E+02
  0.38904514E+01   0.84830587E+02
  0.38018940E+01   0.84768735E+02
  0.37153523E+01   0.84704416E+02
  0.36307805E+01   0.84637550E+02
  0.35481339E+01   0.84568059E+02
  0.34673685E+01   0.84495862E+02
  0.33884416E+01   0.84420880E+02
  0.33113112E+01   0.84343030E+02
  0.32359366E+01   0.84262234E+02
  0.31622777E+01   0.84178410E+02
  0.30902954E+01   0.84091480E+02
  0.30199517E+01   0.84001363E+02
  0.29512092E+01   0.83907981E+02
  0.28840315E+01   0.83811259E+02
  0.28183829E+01   0.83711120E+02
  0.27542287E+01   0.83607491E+02
  0.26915348E+01   0.83500303E+02
  0.26302680E+01   0.83389487E+02
  0.25703958E+01   0.83274977E+02
  0.25118864E+01   0.83156714E+02
  0.24547089E+01   0.83034638E+02
  0.23988329E+01   0.82908698E+02
  0.23442288E+01   0.82778846E+02
  0.22908677E+01   0.82645039E+02
  0.22387211E+01   0.82507238E+02
  0.21877616E+01   0.82365414E+02
  0.21379621E+01   0.82219543E+02
  0.20892961E+01   0.82069607E+02
  0.20417379E+01   0.81915597E+02
  0.19952623E+01   0.81757511E+02
  0.19498446E+01   0.81595355E+02
  0.19054607E+01   0.81429145E+02
  0.18620871E+01   0.81258905E+02
  0.18197009E+01   0.81084669E+02
  0.17782794E+01   0.80906479E+02
  0.17378008E+01   0.80724389E+02
  0.16982437E+01   0.80538461E+02
  0.16595869E+01   0.80348768E+02
  0.16218101E+01   0.80155393E+02
  0.15848932E+01   0.79958430E+02
  0.15488166E+01   0.79757979E+02
  0.15135612E+01   0.79554153E+02
  0.14791084E+01   0.79347075E+02
  0.14454398E+01   0.79136876E+02
  0.14125375E+01   0.78923693E+02
  0.13803843E+01   0.78707675E+02
  0.13489629E+01   0.78488977E+02
  0.13182567E+01   0.78267761E+02
  0.12882496E+01   0.78044192E+02
  0.12589254E+01   0.77818446E+02
  0.12302688E+01   0.77590698E+02
  0.12022644E+01   0.77361128E+02
  0.11748976E+01   0.77129920E+02
  0.11481536E+01   0.76897256E+02
  0.11220185E+01   0.76663319E+02
  0.10964782E+01   0.76428292E+02
  0.10715193E+01   0.76192353E+02
  0.10471285E+01   0.75955680E+02
  0.10232930E+01   0.75718443E+02
  0.10000000E+01   0.75480807E+02
  0.97723722E+00   0.75242931E+02
  0.95499259E+00   0.75004965E+02
  0.93325430E+00   0.74767050E+02
  0.91201084E+00   0.74529316E+02
  0.89125094E+00   0.74291885E+02
  0.87096359E+00   0.74054866E+02
  0.85113804E+00   0.73818356E+02
  0.83176377E+00   0.73582441E+02
  0.81283052E+00   0.73347195E+02
  0.79432823E+00   0.73112676E+02
  0.77624712E+00   0.72878936E+02
  0.75857758E+00   0.72646009E+02
  0.74131024E+00   0.72413921E+02
  0.72443596E+00   0.72182688E+02
  0.70794578E+00   0.71952314E+02
  0.69183097E+00   0.71722795E+02
  0.67608298E+00   0.71494120E+02
  0.66069345E+00   0.71266272E+02
  0.64565423E+00   0.71039228E+02
  0.63095734E+00   0.70812962E+02
  0.61659500E+00   0.70587447E+02
  0.60255959E+00   0.70362657E+02
  0.58884366E+00   0.70138565E+02
  0.57543994E+00   0.69915150E+02
  0.56234133E+00   0.69692395E+02
  0.54954087E+00   0.69470292E+02
  0.53703180E+00   0.69248838E+02
  0.52480746E+00   0.69028043E+02
  0.51286138E+00   0.68807927E+02
  0.50118723E+00   0.68588523E+02
  0.48977882E+00   0.68369877E+02
  0.47863009E+00   0.68152050E+02
  0.46773514E+00   0.67935116E+02
  0.45708819E+00   0.67719166E+02
  0.44668359E+00   0.67504306E+02
  0.43651583E+00   0.67290657E+02
  0.42657952E+00   0.67078353E+02
  0.41686938E+00   0.66867544E+02
  0.40738028E+00   0.66658393E+02
  0.39810717E+00   0.66451075E+02
  0.38904514E+00   0.66245773E+02
  0.38018940E+00   0.66042683E+02
  0.37153523E+00   0.65842007E+02
  0.36307805E+00   0.65643950E+02
  0.35481339E+00   0.65448724E+02
  0.34673685E+00   0.65256542E+02
  0.33884416E+00   0.65067615E+02
  0.33113112E+00   0.64882153E+02
  0.32359366E+00   0.64700359E+02
  0.31622777E+00   0.64522431E+02
  0.30902954E+00   0.64348556E+02
  0.30199517E+00   0.64178912E+02
  0.29512092E+00   0.64013664E+02
  0.28840315E+00   0.63852959E+02
  0.28183829E+00   0.63696932E+02
  0.27542287E+00   0.63545697E+02
  0.26915348E+00   0.63399350E+02
  0.26302680E+00   0.63257966E+02
  0.25703958E+00   0.63121601E+02
  0.25118864E+00   0.62990287E+02
  0.24547089E+00   0.62864035E+02
  0.23988329E+00   0.62742833E+02
  0.23442288E+00   0.62626647E+02
  0.22908677E+00   0.62515420E+02
  0.22387211E+00   0.62409073E+02
  0.21877616E+00   0.62307508E+02
  0.21379621E+00   0.62210603E+02
  0.20892961E+00   0.62118218E+02
  0.20417379E+00   0.62030195E+02
  0.19952623E+00   0.61946359E+02
  0.19498446E+00   0.61866518E+02
  0.19054607E+00   0.61790467E+02
  0.18620871E+00   0.61717986E+02
  0.18197009E+00   0.61648846E+02
  0.17782794E+00   0.61582808E+02
  0.17378008E+00   0.61519626E+02
  0.16982437E+00   0.61459046E+02
  0.16595869E+00   0.61400812E+02
  0.16218101E+00   0.61344664E+02
  0.15848932E+00   0.61290341E+02
  0.15488166E+00   0.61237583E+02
  0.15135612E+00   0.61186131E+02
  0.14791084E+00   0.61135731E+02
  0.14454398E+00   0.61086130E+02
  0.14125375E+00   0.61037085E+02
  0.13803843E+00   0.60988356E+02
  0.13489629E+00   0.60939710E+02
  0.13182567E+00   0.60890923E+02
  0.12882496E+00   0.60841780E+02
  0.12589254E+00   0.60792071E+02
  0.12302688E+00   0.60741599E+02
  0.12022644E+00   0.60690173E+02
  0.11748976E+00   0.60637612E+02
  0.11481536E+00   0.60583741E+02
  0.11220185E+00   0.60528399E+02
  0.10964782E+00   0.60471427E+02
  0.10715193E+00   0.60412678E+02
  0.10471285E+00   0.60352010E+02
  0.10232930E+00   0.60289287E+02
  0.10000000E+00   0.60224383E+02
