  0.97723722E+04   0.40940509E+12   0.10000829E+01
  0.95499259E+04   0.38207741E+12   0.10000786E+01
  0.93325430E+04   0.35657225E+12   0.10000698E+01
  0.91201084E+04   0.33276867E+12   0.10000580E+01
  0.89125094E+04   0.31055362E+12   0.10000446E+01
  0.87096359E+04   0.28982140E+12   0.10000304E+01
  0.85113804E+04   0.27047327E+12   0.10000164E+01
  0.83176377E+04   0.25241695E+12   0.10000030E+01
  0.81283052E+04   0.23556629E+12   0.99999058E+00
  0.79432823E+04   0.21984079E+12   0.99997941E+00
  0.77624712E+04   0.20516534E+12   0.99996954E+00
  0.75857758E+04   0.19146980E+12   0.99996096E+00
  0.74131024E+04   0.17868869E+12   0.99995359E+00
  0.72443596E+04   0.16676094E+12   0.99994730E+00
  0.70794578E+04   0.15562953E+12   0.99994191E+00
  0.69183097E+04   0.14524125E+12   0.99993726E+00
  0.67608298E+04   0.13554647E+12   0.99993318E+00
  0.66069345E+04   0.12649886E+12   0.99992950E+00
  0.64565423E+04   0.11805520E+12   0.99992609E+00
  0.63095734E+04   0.11017516E+12   0.99992281E+00
  0.61659500E+04   0.10282111E+12   0.99991957E+00
  0.60255959E+04   0.95957928E+11   0.99991626E+00
  0.58884366E+04   0.89552842E+11   0.99991284E+00
  0.57543994E+04   0.83575274E+11   0.99990924E+00
  0.56234133E+04   0.77996687E+11   0.99990543E+00
  0.54954087E+04   0.72790449E+11   0.99990139E+00
  0.53703180E+04   0.67931708E+11   0.99989709E+00
  0.52480746E+04   0.63397269E+11   0.99989253E+00
  0.51286138E+04   0.59165488E+11   0.99988769E+00
  0.50118723E+04   0.55216163E+11   0.99988257E+00
  0.48977882E+04   0.51530443E+11   0.99987716E+00
  0.47863009E+04   0.48090734E+11   0.99987147E+00
  0.46773514E+04   0.44880615E+11   0.99986549E+00
  0.45708819E+04   0.41884764E+11   0.99985920E+00
  0.44668359E+04   0.39088878E+11   0.99985260E+00
  0.43651583E+04   0.36479612E+11   0.99984569E+00
  0.42657952E+04   0.34044508E+11   0.99983844E+00
  0.41686938E+04   0.31771942E+11   0.99983086E+00
  0.40738028E+04   0.29651066E+11   0.99982291E+00
  0.39810717E+04   0.27671755E+11   0.99981460E+00
  0.38904514E+04   0.25824560E+11   0.99980590E+00
  0.38018940E+04   0.24100662E+11   0.99979679E+00
  0.37153523E+04   0.22491832E+11   0.99978726E+00
  0.36307805E+04   0.20990389E+11   0.99977729E+00
  0.35481339E+04   0.19589167E+11   0.99976685E+00
  0.34673685E+04   0.18281474E+11   0.99975592E+00
  0.33884416E+04   0.17061069E+11   0.99974449E+00
  0.33113112E+04   0.15922126E+11   0.99973252E+00
  0.32359366E+04   0.14859206E+11   0.99971999E+00
  0.31622777E+04   0.13867236E+11   0.99970688E+00
  0.30902954E+04   0.12941480E+11   0.99969315E+00
  0.30199517E+04   0.12077518E+11   0.99967879E+00
  0.29512092E+04   0.11271226E+11   0.99966375E+00
  0.28840315E+04   0.10518755E+11   0.99964802E+00
  0.28183829E+04   0.98165115E+10   0.99963155E+00
  0.27542287E+04   0.91611436E+10   0.99961431E+00
  0.26915348E+04   0.85495224E+10   0.99959627E+00
  0.26302680E+04   0.79787278E+10   0.99957739E+00
  0.25703958E+04   0.74460349E+10   0.99955763E+00
  0.25118864E+04   0.69489003E+10   0.99953695E+00
  0.24547089E+04   0.64849507E+10   0.99951531E+00
  0.23988329E+04   0.60519709E+10   0.99949266E+00
  0.23442288E+04   0.56478940E+10   0.99946895E+00
  0.22908677E+04   0.52707905E+10   0.99944414E+00
  0.22387211E+04   0.49188601E+10   0.99941818E+00
  0.21877616E+04   0.45904226E+10   0.99939102E+00
  0.21379621E+04   0.42839098E+10   0.99936259E+00
  0.20892961E+04   0.39978582E+10   0.99933284E+00
  0.20417379E+04   0.37309021E+10   0.99930171E+00
  0.19952623E+04   0.34817670E+10   0.99926913E+00
  0.19498446E+04   0.32492631E+10   0.99923504E+00
  0.19054607E+04   0.30322806E+10   0.99919937E+00
  0.18620871E+04   0.28297832E+10   0.99916205E+00
  0.18197009E+04   0.26408041E+10   0.99912300E+00
  0.17782794E+04   0.24644410E+10   0.99908214E+00
  0.17378008E+04   0.22998517E+10   0.99903938E+00
  0.16982437E+04   0.21462504E+10   0.99899465E+00
  0.16595869E+04   0.20029036E+10   0.99894785E+00
  0.16218101E+04   0.18691268E+10   0.99889888E+00
  0.15848932E+04   0.17442811E+10   0.99884765E+00
  0.15488166E+04   0.16277705E+10   0.99879405E+00
  0.15135612E+04   0.15190385E+10   0.99873798E+00
  0.14791084E+04   0.14175660E+10   0.99867931E+00
  0.14454398E+04   0.13228682E+10   0.99861794E+00
  0.14125375E+04   0.12344931E+10   0.99855374E+00
  0.13803843E+04   0.11520185E+10   0.99848658E+00
  0.13489629E+04   0.10750506E+10   0.99841633E+00
  0.13182567E+04   0.10032217E+10   0.99834284E+00
  0.12882496E+04   0.93618891E+09   0.99826597E+00
  0.12589254E+04   0.87363196E+09   0.99818556E+00
  0.12302688E+04   0.81525209E+09   0.99810146E+00
  0.12022644E+04   0.76077046E+09   0.99801349E+00
  0.11748976E+04   0.70992685E+09   0.99792149E+00
  0.11481536E+04   0.66247840E+09   0.99782526E+00
  0.11220185E+04   0.61819846E+09   0.99772462E+00
  0.10964782E+04   0.57687551E+09   0.99761937E+00
  0.10715193E+04   0.53831215E+09   0.99750930E+00
  0.10471285E+04   0.50232416E+09   0.99739420E+00
  0.10232930E+04   0.46873960E+09   0.99727382E+00
  0.10000000E+04   0.43739804E+09   0.99714795E+00
  0.97723722E+03   0.40814972E+09   0.99701633E+00
  0.95499259E+03   0.38085490E+09   0.99687871E+00
  0.93325430E+03   0.35538317E+09   0.99673481E+00
  0.91201084E+03   0.33161281E+09   0.99658436E+00
  0.89125094E+03   0.30943023E+09   0.99642705E+00
  0.87096359E+03   0.28872943E+09   0.99626260E+00
  0.85113804E+03   0.26941148E+09   0.99609067E+00
  0.83176377E+03   0.25138406E+09   0.99591093E+00
  0.81283052E+03   0.23456099E+09   0.99572305E+00
  0.79432823E+03   0.21886187E+09   0.99552664E+00
  0.77624712E+03   0.20421167E+09   0.99532135E+00
  0.75857758E+03   0.19054033E+09   0.99510677E+00
  0.74131024E+03   0.17778250E+09   0.99488250E+00
  0.72443596E+03   0.16587720E+09   0.99464810E+00
  0.70794578E+03   0.15476748E+09   0.99440314E+00
  0.69183097E+03   0.14440023E+09   0.99414714E+00
  0.67608298E+03   0.13472588E+09   0.99387962E+00
  0.66069345E+03   0.12569814E+09   0.99360008E+00
  0.64565423E+03   0.11727384E+09   0.99330800E+00
  0.63095734E+03   0.10941269E+09   0.99300282E+00
  0.61659500E+03   0.10207708E+09   0.99268397E+00
  0.60255959E+03   0.95231906E+08   0.99235086E+00
  0.58884366E+03   0.88844421E+08   0.99200288E+00
  0.57543994E+03   0.82884055E+08   0.99163937E+00
  0.56234133E+03   0.77322283E+08   0.99125967E+00
  0.54954087E+03   0.72132482E+08   0.99086309E+00
  0.53703180E+03   0.67289809E+08   0.99044888E+00
  0.52480746E+03   0.62771076E+08   0.99001631E+00
  0.51286138E+03   0.58554647E+08   0.98956457E+00
  0.50118723E+03   0.54620327E+08   0.98909287E+00
  0.48977882E+03   0.50949272E+08   0.98860034E+00
  0.47863009E+03   0.47523894E+08   0.98808610E+00
  0.46773514E+03   0.44327780E+08   0.98754923E+00
  0.45708819E+03   0.41345614E+08   0.98698878E+00
  0.44668359E+03   0.38563101E+08   0.98640376E+00
  0.43651583E+03   0.35966901E+08   0.98579313E+00
  0.42657952E+03   0.33544564E+08   0.98515582E+00
  0.41686938E+03   0.31284474E+08   0.98449073E+00
  0.40738028E+03   0.29175787E+08   0.98379669E+00
  0.39810717E+03   0.27208386E+08   0.98307251E+00
  0.38904514E+03   0.25372827E+08   0.98231694E+00
  0.38018940E+03   0.23660299E+08   0.98152870E+00
  0.37153523E+03   0.22062578E+08   0.98070644E+00
  0.36307805E+03   0.20571989E+08   0.97984878E+00
  0.35481339E+03   0.19181371E+08   0.97895428E+00
  0.34673685E+03   0.17884039E+08   0.97802144E+00
  0.33884416E+03   0.16673756E+08   0.97704873E+00
  0.33113112E+03   0.15544702E+08   0.97603454E+00
  0.32359366E+03   0.14491445E+08   0.97497721E+00
  0.31622777E+03   0.13508915E+08   0.97387503E+00
  0.30902954E+03   0.12592381E+08   0.97272623E+00
  0.30199517E+03   0.11737429E+08   0.97152897E+00
  0.29512092E+03   0.10939939E+08   0.97028134E+00
  0.28840315E+03   0.10196067E+08   0.96898140E+00
  0.28183829E+03   0.95022238E+07   0.96762711E+00
  0.27542287E+03   0.88550623E+07   0.96621637E+00
  0.26915348E+03   0.82514577E+07   0.96474703E+00
  0.26302680E+03   0.76884944E+07   0.96321685E+00
  0.25703958E+03   0.71634513E+07   0.96162354E+00
  0.25118864E+03   0.66737894E+07   0.95996472E+00
  0.24547089E+03   0.62171392E+07   0.95823795E+00
  0.23988329E+03   0.57912895E+07   0.95644070E+00
  0.23442288E+03   0.53941769E+07   0.95457039E+00
  0.22908677E+03   0.50238759E+07   0.95262435E+00
  0.22387211E+03   0.46785897E+07   0.95059983E+00
  0.21877616E+03   0.43566415E+07   0.94849402E+00
  0.21379621E+03   0.40564667E+07   0.94630402E+00
  0.20892961E+03   0.37766051E+07   0.94402686E+00
  0.20417379E+03   0.35156944E+07   0.94165949E+00
  0.19952623E+03   0.32724631E+07   0.93919879E+00
  0.19498446E+03   0.30457247E+07   0.93664156E+00
  0.19054607E+03   0.28343723E+07   0.93398451E+00
  0.18620871E+03   0.26373728E+07   0.93122430E+00
  0.18197009E+03   0.24537623E+07   0.92835752E+00
  0.17782794E+03   0.22826411E+07   0.92538065E+00
  0.17378008E+03   0.21231701E+07   0.92229014E+00
  0.16982437E+03   0.19745660E+07   0.91908236E+00
  0.16595869E+03   0.18360980E+07   0.91575361E+00
  0.16218101E+03   0.17070843E+07   0.91230013E+00
  0.15848932E+03   0.15868885E+07   0.90871810E+00
  0.15488166E+03   0.14749169E+07   0.90500365E+00
  0.15135612E+03   0.13706157E+07   0.90115285E+00
  0.14791084E+03   0.12734678E+07   0.89716175E+00
  0.14454398E+03   0.11829911E+07   0.89302632E+00
  0.14125375E+03   0.10987356E+07   0.88874252E+00
  0.13803843E+03   0.10202813E+07   0.88430628E+00
  0.13489629E+03   0.94723664E+06   0.87971351E+00
  0.13182567E+03   0.87923602E+06   0.87496009E+00
  0.12882496E+03   0.81593847E+06   0.87004192E+00
  0.12589254E+03   0.75702581E+06   0.86495490E+00
  0.12302688E+03   0.70220123E+06   0.85969491E+00
  0.12022644E+03   0.65118777E+06   0.85425791E+00
  0.11748976E+03   0.60372707E+06   0.84863984E+00
  0.11481536E+03   0.55957807E+06   0.84283675E+00
  0.11220185E+03   0.51851592E+06   0.83684469E+00
  0.10964782E+03   0.48033080E+06   0.83065983E+00
  0.10715193E+03   0.44482702E+06   0.82427842E+00
  0.10471285E+03   0.41182199E+06   0.81769681E+00
  0.10232930E+03   0.38114539E+06   0.81091147E+00
  0.10000000E+03   0.35263835E+06   0.80391903E+00
  0.97723722E+02   0.32615265E+06   0.79671627E+00
  0.95499259E+02   0.30155005E+06   0.78930015E+00
  0.93325430E+02   0.27870160E+06   0.78166782E+00
  0.91201084E+02   0.25748701E+06   0.77381668E+00
  0.89125094E+02   0.23779408E+06   0.76574436E+00
  0.87096359E+02   0.21951817E+06   0.75744875E+00
  0.85113804E+02   0.20256169E+06   0.74892803E+00
  0.83176377E+02   0.18683361E+06   0.74018073E+00
  0.81283052E+02   0.17224903E+06   0.73120568E+00
  0.79432823E+02   0.15872878E+06   0.72200210E+00
  0.77624712E+02   0.14619904E+06   0.71256962E+00
  0.75857758E+02   0.13459095E+06   0.70290826E+00
  0.74131024E+02   0.12384032E+06   0.69301851E+00
  0.72443596E+02   0.11388727E+06   0.68290135E+00
  0.70794578E+02   0.10467600E+06   0.67255824E+00
  0.69183097E+02   0.96154459E+05   0.66199118E+00
  0.67608298E+02   0.88274131E+05   0.65120275E+00
  0.66069345E+02   0.80989785E+05   0.64019609E+00
  0.64565423E+02   0.74259258E+05   0.62897499E+00
  0.63095734E+02   0.68043246E+05   0.61754384E+00
  0.61659500E+02   0.62305117E+05   0.60590773E+00
  0.60255959E+02   0.57010730E+05   0.59407240E+00
  0.58884366E+02   0.52128267E+05   0.58204433E+00
  0.57543994E+02   0.47628080E+05   0.56983070E+00
  0.56234133E+02   0.43482543E+05   0.55743946E+00
  0.54954087E+02   0.39665920E+05   0.54487929E+00
  0.53703180E+02   0.36154234E+05   0.53215965E+00
  0.52480746E+02   0.32925155E+05   0.51929076E+00
  0.51286138E+02   0.29957884E+05   0.50628365E+00
  0.50118723E+02   0.27233054E+05   0.49315010E+00
  0.48977882E+02   0.24732635E+05   0.47990266E+00
  0.47863009E+02   0.22439840E+05   0.46655466E+00
  0.46773514E+02   0.20339048E+05   0.45312017E+00
  0.45708819E+02   0.18415721E+05   0.43961399E+00
  0.44668359E+02   0.16656335E+05   0.42605161E+00
  0.43651583E+02   0.15048309E+05   0.41244922E+00
  0.42657952E+02   0.13579947E+05   0.39882360E+00
  0.41686938E+02   0.12240373E+05   0.38519216E+00
  0.40738028E+02   0.11019482E+05   0.37157282E+00
  0.39810717E+02   0.99078819E+04   0.35798398E+00
  0.38904514E+02   0.88968536E+04   0.34444447E+00
  0.38018940E+02   0.79783006E+04   0.33097346E+00
  0.37153523E+02   0.71447092E+04   0.31759037E+00
  0.36307805E+02   0.63891099E+04   0.30431484E+00
  0.35481339E+02   0.57050406E+04   0.29116657E+00
  0.34673685E+02   0.50865131E+04   0.27816529E+00
  0.33884416E+02   0.45279811E+04   0.26533062E+00
  0.33113112E+02   0.40243108E+04   0.25268199E+00
  0.32359366E+02   0.35707534E+04   0.24023852E+00
  0.31622777E+02   0.31629191E+04   0.22801890E+00
  0.30902954E+02   0.27967527E+04   0.21604133E+00
  0.30199517E+02   0.24685119E+04   0.20432335E+00
  0.29512092E+02   0.21747451E+04   0.19288175E+00
  0.28840315E+02   0.19122724E+04   0.18173247E+00
  0.28183829E+02   0.16781669E+04   0.17089051E+00
  0.27542287E+02   0.14697373E+04   0.16036976E+00
  0.26915348E+02   0.12845114E+04   0.15018299E+00
  0.26302680E+02   0.11202216E+04   0.14034169E+00
  0.25703958E+02   0.97478985E+03   0.13085604E+00
  0.25118864E+02   0.84631479E+03   0.12173479E+00
  0.24547089E+02   0.73305897E+03   0.11298523E+00
  0.23988329E+02   0.63343705E+03   0.10461314E+00
  0.23442288E+02   0.54600484E+03   0.96622722E-01
  0.22908677E+02   0.46944882E+03   0.89016604E-01
  0.22387211E+02   0.40257641E+03   0.81795817E-01
  0.21877616E+02   0.34430681E+03   0.74959795E-01
  0.21379621E+02   0.29366242E+03   0.68506400E-01
  0.20892961E+02   0.24976070E+03   0.62431948E-01
  0.20417379E+02   0.21180668E+03   0.56731260E-01
  0.19952623E+02   0.17908577E+03   0.51397721E-01
  0.19498446E+02   0.15095718E+03   0.46423357E-01
  0.19054607E+02   0.12684761E+03   0.41798920E-01
  0.18620871E+02   0.10624548E+03   0.37513987E-01
  0.18197009E+02   0.88695444E+02   0.33557074E-01
  0.17782794E+02   0.73793326E+02   0.29915747E-01
  0.17378008E+02   0.61181366E+02   0.26576754E-01
  0.16982437E+02   0.50543829E+02   0.23526153E-01
  0.16595869E+02   0.41602907E+02   0.20749443E-01
  0.16218101E+02   0.34114940E+02   0.18231709E-01
  0.15848932E+02   0.27866913E+02   0.15957749E-01
  0.15488166E+02   0.22673232E+02   0.13912212E-01
  0.15135612E+02   0.18372758E+02   0.12079727E-01
  0.14791084E+02   0.14826094E+02   0.10445026E-01
  0.14454398E+02   0.11913098E+02   0.89930597E-02
  0.14125375E+02   0.95306235E+01   0.77091072E-02
  0.13803843E+02   0.75904693E+01   0.65788715E-02
  0.13489629E+02   0.60175215E+01   0.55885665E-02
  0.13182567E+02   0.47480829E+01   0.47249919E-02
  0.12882496E+02   0.37283730E+01   0.39755950E-02
  0.12589254E+02   0.29131880E+01   0.33285208E-02
  0.12302688E+02   0.22647081E+01   0.27726497E-02
  0.12022644E+02   0.17514424E+01   0.22976223E-02
  0.11748976E+02   0.13472973E+01   0.18938528E-02
  0.11481536E+02   0.10307607E+01   0.15525322E-02
  0.11220185E+02   0.78418878E+00   0.12656202E-02
  0.10964782E+02   0.59318751E+00   0.10258285E-02
  0.10715193E+02   0.44607809E+00   0.82659670E-03
  0.10471285E+02   0.33343780E+00   0.66206038E-03
  0.10232930E+02   0.24770794E+00   0.52701467E-03
  0.10000000E+02   0.18286091E+00   0.41687289E-03
  0.97723722E+01   0.13411918E+00   0.32762246E-03
  0.95499259E+01   0.97719595E-01   0.25577873E-03
  0.93325430E+01   0.70716922E-01   0.19833809E-03
  0.91201084E+01   0.50821155E-01   0.15273104E-03
  0.89125094E+01   0.36263705E-01   0.11677636E-03
  0.87096359E+01   0.25688075E-01   0.88636854E-04
  0.85113804E+01   0.18061188E-01   0.66777336E-04
  0.83176377E+01   0.12601966E-01   0.49925345E-04
  0.81283052E+01   0.87242403E-02   0.37034833E-04
  0.79432823E+01   0.59914584E-02   0.27253063E-04
  0.77624712E+01   0.40810273E-02   0.19890801E-04
  0.75857758E+01   0.27564682E-02   0.14395798E-04
  0.74131024E+01   0.18458464E-02   0.10329477E-04
  0.72443596E+01   0.12252023E-02   0.73466710E-05
  0.70794578E+01   0.80593175E-03   0.51782264E-05
  0.69183097E+01   0.52525880E-03   0.36162305E-05
  0.67608298E+01   0.33910745E-03   0.25016129E-05
  0.66069345E+01   0.21681651E-03   0.17138592E-05
  0.64565423E+01   0.13725819E-03   0.11625752E-05
  0.63095734E+01   0.86014696E-04   0.78064833E-06
  0.61659500E+01   0.53344633E-04   0.51876839E-06
  0.60255959E+01   0.32732963E-04   0.34108929E-06
  0.58884366E+01   0.19867662E-04   0.22183473E-06
  0.57543994E+01   0.11925125E-04   0.14267428E-06
  0.56234133E+01   0.70765092E-05   0.90719751E-07
  0.54954087E+01   0.41504753E-05   0.57013881E-07
  0.53703180E+01   0.24053547E-05   0.35404780E-07
  0.52480746E+01   0.13770197E-05   0.21718154E-07
  0.51286138E+01   0.77849389E-06   0.13156428E-07
  0.50118723E+01   0.43450600E-06   0.78682573E-08
  0.48977882E+01   0.23934830E-06   0.46442235E-08
  0.47863009E+01   0.13008414E-06   0.27046254E-08
  0.46773514E+01   0.69733293E-07   0.15535418E-08
  0.45708819E+01   0.36858442E-07   0.87987250E-09
  0.44668359E+01   0.19203071E-07   0.49119447E-09
  0.43651583E+01   0.98581163E-08   0.27019463E-09
  0.42657952E+01   0.49848938E-08   0.14639919E-09
  0.41686938E+01   0.24820031E-08   0.78106126E-10
  0.40738028E+01   0.12163970E-08   0.41016455E-10
  0.39810717E+01   0.58656140E-09   0.21193186E-10
  0.38904514E+01   0.27819640E-09   0.10770461E-10
  0.38018940E+01   0.12972401E-09   0.53814974E-11
  0.37153523E+01   0.59449349E-10   0.26425905E-11
  0.36307805E+01   0.26764231E-10   0.12747867E-11
  0.35481339E+01   0.11832113E-10   0.60387225E-12
  0.34673685E+01   0.51343380E-11   0.28078068E-12
  0.33884416E+01   0.21859071E-11   0.12808978E-12
  0.33113112E+01   0.91266226E-12   0.57305046E-13
  0.32359366E+01   0.37352634E-12   0.25130666E-13
  0.31622777E+01   0.14978285E-12   0.10798039E-13
  0.30902954E+01   0.58819993E-13   0.45436800E-14
  0.30199517E+01   0.22609830E-13   0.18714580E-14
  0.29512092E+01   0.85027936E-14   0.75412686E-15
  0.28840315E+01   0.31267666E-14   0.29715171E-15
  0.28183829E+01   0.11237536E-14   0.11443368E-15
  0.27542287E+01   0.39450783E-15   0.43046555E-16
  0.26915348E+01   0.13521057E-15   0.15808601E-16
  0.26302680E+01   0.45216018E-16   0.56646762E-17
  0.25703958E+01   0.14745213E-16   0.19794012E-17
  0.25118864E+01   0.46863154E-17   0.67408442E-18
  0.24547089E+01   0.14506828E-17   0.22359147E-18
  0.23988329E+01   0.43712588E-18   0.72192036E-19
  0.23442288E+01   0.12813276E-18   0.22674772E-19
  0.22908677E+01   0.36513503E-19   0.69236686E-20
  0.22387211E+01   0.10108812E-19   0.20539170E-20
  0.21877616E+01   0.27171084E-20   0.59154766E-21
  0.21379621E+01   0.70855601E-21   0.16529395E-21
  0.20892961E+01   0.17914098E-21   0.44779343E-22
  0.20417379E+01   0.43878854E-22   0.11752711E-22
  0.19952623E+01   0.10404805E-22   0.29861850E-23
  0.19498446E+01   0.23867239E-23   0.73398123E-24
  0.19054607E+01   0.52920466E-24   0.17438392E-24
  0.18620871E+01   0.11333242E-24   0.40016302E-25
  0.18197009E+01   0.23422948E-25   0.88618485E-26
  0.17782794E+01   0.46679414E-26   0.18923792E-26
  0.17378008E+01   0.89626609E-27   0.38933168E-27
  0.16982437E+01   0.16565285E-27   0.77104850E-28
  0.16595869E+01   0.29445922E-28   0.14686149E-28
  0.16218101E+01   0.50294510E-29   0.26878396E-29
  0.15848932E+01   0.82467138E-30   0.47224100E-30
  0.15488166E+01   0.12968582E-30   0.79574746E-31
  0.15135612E+01   0.19540334E-31   0.12847386E-31
  0.14791084E+01   0.28181639E-32   0.19854046E-32
  0.14454398E+01   0.38864409E-33   0.29338293E-33
  0.14125375E+01   0.51195982E-34   0.41411280E-34
  0.13803843E+01   0.64350748E-35   0.55774588E-35
  0.13489629E+01   0.77095731E-36   0.71600014E-36
  0.13182567E+01   0.87938719E-37   0.87511052E-37
  0.12882496E+01   0.95390637E-38   0.10171582E-37
  0.12589254E+01   0.98287515E-39   0.11230036E-38
  0.12302688E+01   0.96080950E-40   0.11763053E-39
  0.12022644E+01   0.88999950E-41   0.11675421E-40
  0.11748976E+01   0.78020836E-42   0.10967140E-41
  0.11481536E+01   0.64646038E-43   0.97369892E-43
  0.11220185E+01   0.50560675E-44   0.81601029E-44
  0.10964782E+01   0.37276857E-45   0.64464714E-45
  0.10715193E+01   0.25871610E-46   0.47940905E-46
  0.10471285E+01   0.16879272E-47   0.33514788E-47
  0.10232930E+01   0.10337229E-48   0.21993123E-48
  0.10000000E+01   0.59338189E-50   0.13527485E-49
  0.97723722E+00   0.31877832E-51   0.77870248E-51
  0.95499259E+00   0.16002837E-52   0.41887049E-52
  0.93325430E+00   0.74950177E-54   0.21021100E-53
  0.91201084E+00   0.32697427E-55   0.98264432E-55
  0.89125094E+00   0.13264814E-56   0.42715346E-56
  0.87096359E+00   0.49957432E-58   0.17237841E-57
  0.85113804E+00   0.17436447E-59   0.64467491E-59
  0.83176377E+00   0.56299546E-61   0.22304252E-60
  0.81283052E+00   0.16786220E-62   0.71258338E-62
  0.79432823E+00   0.46131318E-64   0.20983534E-63
  0.77624712E+00   0.11662959E-65   0.56844900E-65
  0.75857758E+00   0.27073684E-67   0.14139372E-66
  0.74131024E+00   0.57590102E-69   0.32227797E-68
  0.72443596E+00   0.11202792E-70   0.67175210E-70
  0.70794578E+00   0.19887401E-72   0.12777939E-71
  0.69183097E+00   0.32149747E-74   0.22134022E-73
  0.67608298E+00   0.47225618E-76   0.34838578E-75
  0.66069345E+00   0.62893982E-78   0.49715506E-77
  0.64565423E+00   0.75766999E-80   0.64174554E-79
  0.63095734E+00   0.82371264E-82   0.74758142E-81
  0.61659500E+00   0.80622730E-84   0.78404370E-83
  0.60255959E+00   0.70870040E-86   0.73849142E-85
  0.58884366E+00   0.55808945E-88   0.62314137E-87
  0.57543994E+00   0.39270651E-90   0.46984095E-89
  0.56234133E+00   0.24627302E-92   0.31571820E-91
  0.54954087E+00   0.13727290E-94   0.18856783E-93
  0.53703180E+00   0.67823418E-97   0.99830316E-96
  0.52480746E+00   0.29619742E-99   0.46715828E-98
  0.51286138E+00   0.11400951-101   0.19267433-100
  0.50118723E+00   0.38563946-104   0.69833568-103
  0.48977882E+00   0.11428653-106   0.22175725-105
  0.47863009E+00   0.29583123-109   0.61507318-108
  0.46773514E+00   0.66674440-112   0.14853956-110
  0.45708819E+00   0.13041882-114   0.31133148-113
  0.44668359E+00   0.22067502-117   0.56446362-116
  0.43651583E+00   0.32190762-120   0.88229543-119
  0.42657952E+00   0.40343487-123   0.11848305-121
  0.41686938E+00   0.43285628-126   0.13621549-124
  0.40738028E+00   0.39615974-129   0.13358359-127
  0.39810717E+00   0.30813773-132   0.11133396-130
  0.38904514E+00   0.20291844-135   0.78560511-134
  0.38018940E+00   0.11269797-138   0.46751855-137
  0.37153523E+00   0.52578129-142   0.23371571-140
  0.36307805E+00   0.20522257-145   0.97748006-144
  0.35481339E+00   0.66737736-149   0.34060753-147
  0.34673685E+00   0.18005181-152   0.98464631-151
  0.33884416E+00   0.40124859-156   0.23512364-154
  0.33113112E+00   0.73533608-160   0.46170933-158
  0.32359366E+00   0.11031533-163   0.74219603-162
  0.31622777E+00   0.13484618-167   0.97212345-166
  0.30902954E+00   0.13366641-171   0.10325356-169
  0.30199517E+00   0.10692187-175   0.88501231-174
  0.29512092E+00   0.68675497-180   0.60909437-178
  0.28840315E+00   0.35237732-184   0.33488117-182
  0.28183829E+00   0.14368556-188   0.14631737-186
  0.27542287E+00   0.46311891-193   0.50533024-191
  0.26915348E+00   0.11734572-197   0.13719871-195
  0.26302680E+00   0.23243578-202   0.29119623-200
  0.25703958E+00   0.35785632-207   0.48038724-205
  0.25118864E+00   0.42573104-212   0.61237589-210
  0.24547089E+00   0.38902225-217   0.59959391-215
  0.23988329E+00   0.27136691-222   0.44816677-220
  0.23442288E+00   0.14359896-227   0.25411721-225
  0.22908677E+00   0.57274686-233   0.10860392-230
  0.22387211E+00   0.17105315-238   0.34754724-236
  0.21877616E+00   0.37995281-244   0.82720364-242
  0.21379621E+00   0.62339548-250   0.14542746-247
  0.20892961E+00   0.75018505-256   0.18752155-253
  0.20417379E+00   0.65736707-262   0.17607217-259
  0.19952623E+00   0.41636404-268   0.11949672-265
  0.19498446E+00   0.18918227-274   0.58178591-272
  0.19054607E+00   0.61188431-281   0.20162858-278
  0.18620871E+00   0.13976594-287   0.49349654-285
  0.18197009E+00   0.22364431-294   0.84613687-292
  0.17782794E+00   0.24777266-301   0.10044681-298
  0.17378008E+00   0.00000000E+00   0.00000000E+00
  0.16982437E+00   0.00000000E+00   0.00000000E+00
  0.16595869E+00   0.00000000E+00   0.00000000E+00
  0.16218101E+00   0.00000000E+00   0.00000000E+00
  0.15848932E+00   0.00000000E+00   0.00000000E+00
  0.15488166E+00   0.00000000E+00   0.00000000E+00
  0.15135612E+00   0.00000000E+00   0.00000000E+00
  0.14791084E+00   0.00000000E+00   0.00000000E+00
  0.14454398E+00   0.00000000E+00   0.00000000E+00
  0.14125375E+00   0.00000000E+00   0.00000000E+00
  0.13803843E+00   0.00000000E+00   0.00000000E+00
  0.13489629E+00   0.00000000E+00   0.00000000E+00
  0.13182567E+00   0.00000000E+00   0.00000000E+00
  0.12882496E+00   0.00000000E+00   0.00000000E+00
  0.12589254E+00   0.00000000E+00   0.00000000E+00
  0.12302688E+00   0.00000000E+00   0.00000000E+00
  0.12022644E+00   0.00000000E+00   0.00000000E+00
  0.11748976E+00   0.00000000E+00   0.00000000E+00
  0.11481536E+00   0.00000000E+00   0.00000000E+00
  0.11220185E+00   0.00000000E+00   0.00000000E+00
  0.10964782E+00   0.00000000E+00   0.00000000E+00
  0.10715193E+00   0.00000000E+00   0.00000000E+00
  0.10471285E+00   0.00000000E+00   0.00000000E+00
  0.10232930E+00   0.00000000E+00   0.00000000E+00
  0.10000000E+00   0.00000000E+00   0.00000000E+00
