  0.97723722E+04   0.42982480E+13   0.10499636E+02
  0.95499259E+04   0.40113448E+13   0.10499600E+02
  0.93325430E+04   0.37435944E+13   0.10499571E+02
  0.91201084E+04   0.34937176E+13   0.10499547E+02
  0.89125094E+04   0.32605205E+13   0.10499526E+02
  0.87096359E+04   0.30428893E+13   0.10499507E+02
  0.85113804E+04   0.28397846E+13   0.10499489E+02
  0.83176377E+04   0.26502367E+13   0.10499471E+02
  0.81283052E+04   0.24733403E+13   0.10499452E+02
  0.79432823E+04   0.23082511E+13   0.10499432E+02
  0.77624712E+04   0.21541808E+13   0.10499411E+02
  0.75857758E+04   0.20103941E+13   0.10499387E+02
  0.74131024E+04   0.18762044E+13   0.10499362E+02
  0.72443596E+04   0.17509713E+13   0.10499335E+02
  0.70794578E+04   0.16340969E+13   0.10499306E+02
  0.69183097E+04   0.15250235E+13   0.10499275E+02
  0.67608298E+04   0.14232302E+13   0.10499242E+02
  0.66069345E+04   0.13282313E+13   0.10499207E+02
  0.64565423E+04   0.12395732E+13   0.10499170E+02
  0.63095734E+04   0.11568327E+13   0.10499131E+02
  0.61659500E+04   0.10796149E+13   0.10499090E+02
  0.60255959E+04   0.10075512E+13   0.10499047E+02
  0.58884366E+04   0.94029742E+12   0.10499002E+02
  0.57543994E+04   0.87753267E+12   0.10498955E+02
  0.56234133E+04   0.81895728E+12   0.10498905E+02
  0.54954087E+04   0.76429164E+12   0.10498854E+02
  0.53703180E+04   0.71327479E+12   0.10498800E+02
  0.52480746E+04   0.66566317E+12   0.10498743E+02
  0.51286138E+04   0.62122951E+12   0.10498684E+02
  0.50118723E+04   0.57976168E+12   0.10498622E+02
  0.48977882E+04   0.54106173E+12   0.10498557E+02
  0.47863009E+04   0.50494492E+12   0.10498489E+02
  0.46773514E+04   0.47123882E+12   0.10498417E+02
  0.45708819E+04   0.43978253E+12   0.10498343E+02
  0.44668359E+04   0.41042588E+12   0.10498265E+02
  0.43651583E+04   0.38302874E+12   0.10498183E+02
  0.42657952E+04   0.35746030E+12   0.10498097E+02
  0.41686938E+04   0.33359851E+12   0.10498008E+02
  0.40738028E+04   0.31132946E+12   0.10497914E+02
  0.39810717E+04   0.29054684E+12   0.10497815E+02
  0.38904514E+04   0.27115143E+12   0.10497712E+02
  0.38018940E+04   0.25305064E+12   0.10497605E+02
  0.37153523E+04   0.23615806E+12   0.10497492E+02
  0.36307805E+04   0.22039304E+12   0.10497374E+02
  0.35481339E+04   0.20568033E+12   0.10497250E+02
  0.34673685E+04   0.19194968E+12   0.10497120E+02
  0.33884416E+04   0.17913555E+12   0.10496984E+02
  0.33113112E+04   0.16717676E+12   0.10496842E+02
  0.32359366E+04   0.15601622E+12   0.10496694E+02
  0.31622777E+04   0.14560065E+12   0.10496538E+02
  0.30902954E+04   0.13588032E+12   0.10496375E+02
  0.30199517E+04   0.12680883E+12   0.10496204E+02
  0.29512092E+04   0.11834287E+12   0.10496025E+02
  0.28840315E+04   0.11044202E+12   0.10495838E+02
  0.28183829E+04   0.10306856E+12   0.10495642E+02
  0.27542287E+04   0.96187298E+11   0.10495436E+02
  0.26915348E+04   0.89765371E+11   0.10495221E+02
  0.26302680E+04   0.83772121E+11   0.10494996E+02
  0.25703958E+04   0.78178936E+11   0.10494760E+02
  0.25118864E+04   0.72959112E+11   0.10494514E+02
  0.24547089E+04   0.68087728E+11   0.10494255E+02
  0.23988329E+04   0.63541527E+11   0.10493984E+02
  0.23442288E+04   0.59298802E+11   0.10493701E+02
  0.22908677E+04   0.55339297E+11   0.10493404E+02
  0.22387211E+04   0.51644108E+11   0.10493094E+02
  0.21877616E+04   0.48195591E+11   0.10492768E+02
  0.21379621E+04   0.44977283E+11   0.10492428E+02
  0.20892961E+04   0.41973815E+11   0.10492071E+02
  0.20417379E+04   0.39170849E+11   0.10491698E+02
  0.19952623E+04   0.36555001E+11   0.10491306E+02
  0.19498446E+04   0.34113781E+11   0.10490897E+02
  0.19054607E+04   0.31835531E+11   0.10490468E+02
  0.18620871E+04   0.29709375E+11   0.10490019E+02
  0.18197009E+04   0.27725160E+11   0.10489549E+02
  0.17782794E+04   0.25873410E+11   0.10489057E+02
  0.17378008E+04   0.24145285E+11   0.10488542E+02
  0.16982437E+04   0.22532532E+11   0.10488002E+02
  0.16595869E+04   0.21027450E+11   0.10487437E+02
  0.16218101E+04   0.19622851E+11   0.10486846E+02
  0.15848932E+04   0.18312029E+11   0.10486226E+02
  0.15488166E+04   0.17088722E+11   0.10485578E+02
  0.15135612E+04   0.15947091E+11   0.10484899E+02
  0.14791084E+04   0.14881682E+11   0.10484188E+02
  0.14454398E+04   0.13887408E+11   0.10483444E+02
  0.14125375E+04   0.12959519E+11   0.10482664E+02
  0.13803843E+04   0.12093586E+11   0.10481848E+02
  0.13489629E+04   0.11285471E+11   0.10480994E+02
  0.13182567E+04   0.10531315E+11   0.10480099E+02
  0.12882496E+04   0.98275170E+10   0.10479163E+02
  0.12589254E+04   0.91707143E+10   0.10478182E+02
  0.12302688E+04   0.85577700E+10   0.10477155E+02
  0.12022644E+04   0.79857562E+10   0.10476080E+02
  0.11748976E+04   0.74519407E+10   0.10474955E+02
  0.11481536E+04   0.69537734E+10   0.10473777E+02
  0.11220185E+04   0.64888746E+10   0.10472543E+02
  0.10964782E+04   0.60550233E+10   0.10471252E+02
  0.10715193E+04   0.56501469E+10   0.10469899E+02
  0.10471285E+04   0.52723109E+10   0.10468484E+02
  0.10232930E+04   0.49197102E+10   0.10467002E+02
  0.10000000E+04   0.45906601E+10   0.10465450E+02
  0.97723722E+03   0.42835884E+10   0.10463826E+02
  0.95499259E+03   0.39970276E+10   0.10462125E+02
  0.93325430E+03   0.37296084E+10   0.10460345E+02
  0.91201084E+03   0.34800530E+10   0.10458481E+02
  0.89125094E+03   0.32471685E+10   0.10456530E+02
  0.87096359E+03   0.30298420E+10   0.10454488E+02
  0.85113804E+03   0.28270348E+10   0.10452350E+02
  0.83176377E+03   0.26377775E+10   0.10450112E+02
  0.81283052E+03   0.24611652E+10   0.10447769E+02
  0.79432823E+03   0.22963538E+10   0.10445316E+02
  0.77624712E+03   0.21425553E+10   0.10442749E+02
  0.75857758E+03   0.19990344E+10   0.10440061E+02
  0.74131024E+03   0.18651048E+10   0.10437248E+02
  0.72443596E+03   0.17401260E+10   0.10434304E+02
  0.70794578E+03   0.16235004E+10   0.10431222E+02
  0.69183097E+03   0.15146702E+10   0.10427996E+02
  0.67608298E+03   0.14131148E+10   0.10424620E+02
  0.66069345E+03   0.13183484E+10   0.10421086E+02
  0.64565423E+03   0.12299176E+10   0.10417387E+02
  0.63095734E+03   0.11473994E+10   0.10413516E+02
  0.61659500E+03   0.10703988E+10   0.10409465E+02
  0.60255959E+03   0.99854744E+09   0.10405225E+02
  0.58884366E+03   0.93150131E+09   0.10400788E+02
  0.57543994E+03   0.86893950E+09   0.10396145E+02
  0.56234133E+03   0.81056250E+09   0.10391286E+02
  0.54954087E+03   0.75609079E+09   0.10386201E+02
  0.53703180E+03   0.70526351E+09   0.10380880E+02
  0.52480746E+03   0.65783722E+09   0.10375313E+02
  0.51286138E+03   0.61358473E+09   0.10369488E+02
  0.50118723E+03   0.57229402E+09   0.10363393E+02
  0.48977882E+03   0.53376723E+09   0.10357017E+02
  0.47863009E+03   0.49781969E+09   0.10350345E+02
  0.46773514E+03   0.46427909E+09   0.10343366E+02
  0.45708819E+03   0.43298461E+09   0.10336065E+02
  0.44668359E+03   0.40378616E+09   0.10328428E+02
  0.43651583E+03   0.37654369E+09   0.10320439E+02
  0.42657952E+03   0.35112649E+09   0.10312082E+02
  0.41686938E+03   0.32741257E+09   0.10303342E+02
  0.40738028E+03   0.30528811E+09   0.10294201E+02
  0.39810717E+03   0.28464686E+09   0.10284642E+02
  0.38904514E+03   0.26538970E+09   0.10274645E+02
  0.38018940E+03   0.24742409E+09   0.10264192E+02
  0.37153523E+03   0.23066371E+09   0.10253262E+02
  0.36307805E+03   0.21502797E+09   0.10241834E+02
  0.35481339E+03   0.20044169E+09   0.10229887E+02
  0.34673685E+03   0.18683468E+09   0.10217397E+02
  0.33884416E+03   0.17414147E+09   0.10204342E+02
  0.33113112E+03   0.16230095E+09   0.10190696E+02
  0.32359366E+03   0.15125608E+09   0.10176434E+02
  0.31622777E+03   0.14095365E+09   0.10161530E+02
  0.30902954E+03   0.13134399E+09   0.10145956E+02
  0.30199517E+03   0.12238075E+09   0.10129684E+02
  0.29512092E+03   0.11402068E+09   0.10112683E+02
  0.28840315E+03   0.10622342E+09   0.10094924E+02
  0.28183829E+03   0.98951309E+08   0.10076375E+02
  0.27542287E+03   0.92169188E+08   0.10057002E+02
  0.26915348E+03   0.85844261E+08   0.10036772E+02
  0.26302680E+03   0.79945917E+08   0.10015648E+02
  0.25703958E+03   0.74445593E+08   0.99935955E+01
  0.25118864E+03   0.69316634E+08   0.99705758E+01
  0.24547089E+03   0.64534165E+08   0.99465500E+01
  0.23988329E+03   0.60074975E+08   0.99214779E+01
  0.23442288E+03   0.55917402E+08   0.98953181E+01
  0.22908677E+03   0.52041235E+08   0.98680278E+01
  0.22387211E+03   0.48427611E+08   0.98395631E+01
  0.21877616E+03   0.45058929E+08   0.98098787E+01
  0.21379621E+03   0.41918765E+08   0.97789280E+01
  0.20892961E+03   0.38991792E+08   0.97466634E+01
  0.20417379E+03   0.36263709E+08   0.97130359E+01
  0.19952623E+03   0.33721170E+08   0.96779953E+01
  0.19498446E+03   0.31351722E+08   0.96414902E+01
  0.19054607E+03   0.29143743E+08   0.96034683E+01
  0.18620871E+03   0.27086392E+08   0.95638760E+01
  0.18197009E+03   0.25169550E+08   0.95226587E+01
  0.17782794E+03   0.23383774E+08   0.94797609E+01
  0.17378008E+03   0.21720256E+08   0.94351263E+01
  0.16982437E+03   0.20170775E+08   0.93886977E+01
  0.16595869E+03   0.18727659E+08   0.93404172E+01
  0.16218101E+03   0.17383752E+08   0.92902264E+01
  0.15848932E+03   0.16132375E+08   0.92380665E+01
  0.15488166E+03   0.14967296E+08   0.91838782E+01
  0.15135612E+03   0.13882700E+08   0.91276022E+01
  0.14791084E+03   0.12873161E+08   0.90691793E+01
  0.14454398E+03   0.11933618E+08   0.90085502E+01
  0.14125375E+03   0.11059346E+08   0.89456564E+01
  0.13803843E+03   0.10245937E+08   0.88804397E+01
  0.13489629E+03   0.94892800E+07   0.88128430E+01
  0.13182567E+03   0.87855364E+07   0.87428103E+01
  0.12882496E+03   0.81311261E+07   0.86702869E+01
  0.12589254E+03   0.75227083E+07   0.85952200E+01
  0.12302688E+03   0.69571658E+07   0.85175585E+01
  0.12022644E+03   0.64315901E+07   0.84372542E+01
  0.11748976E+03   0.59432674E+07   0.83542611E+01
  0.11481536E+03   0.54896654E+07   0.82685365E+01
  0.11220185E+03   0.50684215E+07   0.81800413E+01
  0.10964782E+03   0.46773311E+07   0.80887403E+01
  0.10715193E+03   0.43143373E+07   0.79946023E+01
  0.10471285E+03   0.39775205E+07   0.78976012E+01
  0.10232930E+03   0.36650900E+07   0.77977161E+01
  0.10000000E+03   0.33753747E+07   0.76949315E+01
  0.97723722E+02   0.31068152E+07   0.75892384E+01
  0.95499259E+02   0.28579567E+07   0.74806342E+01
  0.93325430E+02   0.26274415E+07   0.73691234E+01
  0.91201084E+02   0.24140029E+07   0.72547183E+01
  0.89125094E+02   0.22164587E+07   0.71374389E+01
  0.87096359E+02   0.20337059E+07   0.70173141E+01
  0.85113804E+02   0.18647153E+07   0.68943816E+01
  0.83176377E+02   0.17085266E+07   0.67686882E+01
  0.81283052E+02   0.15642434E+07   0.66402910E+01
  0.79432823E+02   0.14310297E+07   0.65092570E+01
  0.77624712E+02   0.13081051E+07   0.63756638E+01
  0.75857758E+02   0.11947415E+07   0.62395996E+01
  0.74131024E+02   0.10902596E+07   0.61011639E+01
  0.72443596E+02   0.99402555E+06   0.59604674E+01
  0.70794578E+02   0.90544796E+06   0.58176323E+01
  0.69183097E+02   0.82397510E+06   0.56727920E+01
  0.67608298E+02   0.74909226E+06   0.55260916E+01
  0.66069345E+02   0.68031930E+06   0.53776876E+01
  0.64565423E+02   0.61720841E+06   0.52277475E+01
  0.63095734E+02   0.55934191E+06   0.50764502E+01
  0.61659500E+02   0.50633033E+06   0.49239849E+01
  0.60255959E+02   0.45781055E+06   0.47705513E+01
  0.58884366E+02   0.41344405E+06   0.46163585E+01
  0.57543994E+02   0.37291537E+06   0.44616249E+01
  0.56234133E+02   0.33593052E+06   0.43065772E+01
  0.54954087E+02   0.30221568E+06   0.41514496E+01
  0.53703180E+02   0.27151585E+06   0.39964829E+01
  0.52480746E+02   0.24359364E+06   0.38419235E+01
  0.51286138E+02   0.21822815E+06   0.36880223E+01
  0.50118723E+02   0.19521390E+06   0.35350333E+01
  0.48977882E+02   0.17435986E+06   0.33832126E+01
  0.47863009E+02   0.15548853E+06   0.32328170E+01
  0.46773514E+02   0.13843504E+06   0.30841026E+01
  0.45708819E+02   0.12304640E+06   0.29373229E+01
  0.44668359E+02   0.10918070E+06   0.27927282E+01
  0.43651583E+02   0.96706436E+05   0.26505631E+01
  0.42657952E+02   0.85501814E+05   0.25110659E+01
  0.41686938E+02   0.75454162E+05   0.23744661E+01
  0.40738028E+02   0.66459329E+05   0.22409838E+01
  0.39810717E+02   0.58421141E+05   0.21108278E+01
  0.38904514E+02   0.51250884E+05   0.19841940E+01
  0.38018940E+02   0.44866824E+05   0.18612645E+01
  0.37153523E+02   0.39193746E+05   0.17422062E+01
  0.36307805E+02   0.34162525E+05   0.16271693E+01
  0.35481339E+02   0.29709723E+05   0.15162869E+01
  0.34673685E+02   0.25777203E+05   0.14096736E+01
  0.33884416E+02   0.22311770E+05   0.13074250E+01
  0.33113112E+02   0.19264830E+05   0.12096172E+01
  0.32359366E+02   0.16592067E+05   0.11163060E+01
  0.31622777E+02   0.14253141E+05   0.10275273E+01
  0.30902954E+02   0.12211398E+05   0.94329632E+00
  0.30199517E+02   0.10433597E+05   0.86360837E+00
  0.29512092E+02   0.88896619E+04   0.78843885E+00
  0.28840315E+02   0.75524301E+04   0.71774386E+00
  0.28183829E+02   0.63974304E+04   0.65146088E+00
  0.27542287E+02   0.54026665E+04   0.58950967E+00
  0.26915348E+02   0.45484148E+04   0.53179327E+00
  0.26302680E+02   0.38170343E+04   0.47819919E+00
  0.25703958E+02   0.31927886E+04   0.42860075E+00
  0.25118864E+02   0.26616780E+04   0.38285849E+00
  0.24547089E+02   0.22112836E+04   0.34082169E+00
  0.23988329E+02   0.18306211E+04   0.30232999E+00
  0.23442288E+02   0.15100040E+04   0.26721503E+00
  0.22908677E+02   0.12409181E+04   0.23530215E+00
  0.22387211E+02   0.10159030E+04   0.20641204E+00
  0.21877616E+02   0.82844441E+03   0.18036246E+00
  0.21379621E+02   0.67287338E+03   0.15696981E+00
  0.20892961E+02   0.54427465E+03   0.13605073E+00
  0.20417379E+02   0.43840202E+03   0.11742358E+00
  0.19952623E+02   0.35160137E+03   0.10090980E+00
  0.19498446E+02   0.28074044E+03   0.86335171E-01
  0.19054607E+02   0.22314523E+03   0.73530983E-01
  0.18620871E+02   0.17654243E+03   0.62334987E-01
  0.18197009E+02   0.13900776E+03   0.52592259E-01
  0.17782794E+02   0.10891956E+03   0.44155891E-01
  0.17378008E+02   0.84917435E+02   0.36887535E-01
  0.16982437E+02   0.65865512E+02   0.30657790E-01
  0.16595869E+02   0.50819965E+02   0.25346450E-01
  0.16218101E+02   0.39000426E+02   0.20842611E-01
  0.15848932E+02   0.29764965E+02   0.17044652E-01
  0.15488166E+02   0.22588296E+02   0.13860096E-01
  0.15135612E+02   0.17042894E+02   0.11205367E-01
  0.14791084E+02   0.12782721E+02   0.90054638E-02
  0.14454398E+02   0.95292859E+01   0.71935478E-02
  0.14125375E+02   0.70597608E+01   0.57104819E-02
  0.13803843E+02   0.51969228E+01   0.45043180E-02
  0.13489629E+02   0.38006840E+01   0.35297548E-02
  0.13182567E+02   0.27610071E+01   0.27475796E-02
  0.12882496E+02   0.19920169E+01   0.21241040E-02
  0.12589254E+02   0.14271385E+01   0.16306055E-02
  0.12302688E+02   0.10151100E+01   0.12427846E-02
  0.12022644E+02   0.71673482E+00   0.94024553E-03
  0.11748976E+02   0.50225608E+00   0.70600532E-03
  0.11481536E+02   0.34924829E+00   0.52603793E-03
  0.11220185E+02   0.24093787E+00   0.38885513E-03
  0.10964782E+02   0.16487507E+00   0.28512662E-03
  0.10715193E+02   0.11189217E+00   0.20733970E-03
  0.10471285E+02   0.75292686E-01   0.14949806E-03
  0.10232930E+02   0.50225700E-01   0.10685843E-03
  0.10000000E+02   0.33206951E-01   0.75702770E-04
  0.97723722E+01   0.21755516E-01   0.53143746E-04
  0.95499259E+01   0.14120585E-01   0.36960298E-04
  0.93325430E+01   0.90778342E-02   0.25460388E-04
  0.91201084E+01   0.57790861E-02   0.17367685E-04
  0.89125094E+01   0.36423555E-02   0.11729111E-04
  0.87096359E+01   0.22722090E-02   0.78402706E-05
  0.85113804E+01   0.14026561E-02   0.51860174E-05
  0.83176377E+01   0.85660937E-03   0.33936386E-05
  0.81283052E+01   0.51740715E-03   0.21964190E-05
  0.79432823E+01   0.30902010E-03   0.14056251E-05
  0.77624712E+01   0.18244411E-03   0.88922694E-06
  0.75857758E+01   0.10644940E-03   0.55593753E-06
  0.74131024E+01   0.61362861E-04   0.34339058E-06
  0.72443596E+01   0.34937587E-04   0.20949598E-06
  0.70794578E+01   0.19641662E-04   0.12620048E-06
  0.69183097E+01   0.10900132E-04   0.75043747E-07
  0.67608298E+01   0.59692612E-05   0.44035543E-07
  0.66069345E+01   0.32248452E-05   0.25491280E-07
  0.64565423E+01   0.17181361E-05   0.14552592E-07
  0.63095734E+01   0.90245272E-06   0.81904400E-08
  0.61659500E+01   0.46715824E-06   0.45430423E-08
  0.60255959E+01   0.23824695E-06   0.24826193E-08
  0.58884366E+01   0.11966363E-06   0.13361184E-08
  0.57543994E+01   0.59171504E-07   0.70793826E-09
  0.56234133E+01   0.28795145E-07   0.36914929E-09
  0.54954087E+01   0.13785388E-07   0.18936590E-09
  0.53703180E+01   0.64900036E-08   0.95527346E-10
  0.52480746E+01   0.30034909E-08   0.47370623E-10
  0.51286138E+01   0.13658042E-08   0.23081882E-10
  0.50118723E+01   0.61003192E-09   0.11046770E-10
  0.48977882E+01   0.26750739E-09   0.51906120E-11
  0.47863009E+01   0.11512006E-09   0.23935020E-11
  0.46773514E+01   0.48596703E-10   0.10826537E-11
  0.45708819E+01   0.20114408E-10   0.48016448E-12
  0.44668359E+01   0.81592821E-11   0.20870590E-12
  0.43651583E+01   0.32421702E-11   0.88862512E-13
  0.42657952E+01   0.12613890E-11   0.37045188E-13
  0.41686938E+01   0.48026056E-12   0.15113314E-13
  0.40738028E+01   0.17885448E-12   0.60309064E-14
  0.39810717E+01   0.65116786E-13   0.23527497E-14
  0.38904514E+01   0.23164684E-13   0.89682797E-15
  0.38018940E+01   0.80475699E-14   0.33384704E-15
  0.37153523E+01   0.27287725E-14   0.12129701E-15
  0.36307805E+01   0.90258428E-15   0.42990306E-16
  0.35481339E+01   0.29105426E-15   0.14854455E-16
  0.34673685E+01   0.91446692E-16   0.50009300E-17
  0.33884416E+01   0.27977311E-16   0.16394144E-17
  0.33113112E+01   0.83294789E-17   0.52299870E-18
  0.32359366E+01   0.24117221E-17   0.16225946E-18
  0.31622777E+01   0.67865888E-18   0.48925391E-19
  0.30902954E+01   0.18548182E-18   0.14327952E-19
  0.30199517E+01   0.49201765E-19   0.40725221E-20
  0.29512092E+01   0.12658628E-19   0.11227147E-20
  0.28840315E+01   0.31565252E-20   0.29997981E-21
  0.28183829E+01   0.76230965E-21   0.77627248E-22
  0.27542287E+01   0.17816755E-21   0.19440677E-22
  0.26915348E+01   0.40268808E-22   0.47081636E-23
  0.26302680E+01   0.87945197E-23   0.11017800E-23
  0.25703958E+01   0.18544324E-23   0.24893948E-24
  0.25118864E+01   0.37723297E-24   0.54261577E-25
  0.24547089E+01   0.73968022E-25   0.11400576E-25
  0.23988329E+01   0.13968238E-25   0.23068767E-26
  0.23442288E+01   0.25381735E-26   0.44916310E-27
  0.22908677E+01   0.44339730E-27   0.84076731E-28
  0.22387211E+01   0.74397398E-28   0.15116127E-28
  0.21877616E+01   0.11978627E-28   0.26078933E-29
  0.21379621E+01   0.18489409E-29   0.43132617E-30
  0.20892961E+01   0.27332424E-30   0.68322056E-31
  0.20417379E+01   0.38657595E-31   0.10354225E-31
  0.19952623E+01   0.52257106E-32   0.14997820E-32
  0.19498446E+01   0.67445281E-33   0.20741222E-33
  0.19054607E+01   0.83020374E-34   0.27356936E-34
  0.18620871E+01   0.97356508E-35   0.34375400E-35
  0.18197009E+01   0.10864296E-35   0.41104027E-36
  0.17782794E+01   0.11523708E-36   0.46717007E-37
  0.17378008E+01   0.11604406E-37   0.50408720E-38
  0.16982437E+01   0.11080711E-38   0.51576327E-39
  0.16595869E+01   0.10020474E-39   0.49977099E-40
  0.16218101E+01   0.85710512E-41   0.45805419E-41
  0.15848932E+01   0.69253471E-42   0.39657407E-42
  0.15488166E+01   0.52787853E-43   0.32390434E-43
  0.15135612E+01   0.37907171E-44   0.24923220E-44
  0.14791084E+01   0.25609427E-45   0.18041915E-45
  0.14454398E+01   0.16253676E-46   0.12269712E-46
  0.14125375E+01   0.96770803E-48   0.78275729E-48
  0.13803843E+01   0.53967354E-49   0.46775011E-49
  0.13489629E+01   0.28148154E-50   0.26141632E-50
  0.13182567E+01   0.13709553E-51   0.13642880E-51
  0.12882496E+01   0.62252674E-53   0.66380541E-53
  0.12589254E+01   0.26311448E-54   0.30062668E-54
  0.12302688E+01   0.10333743E-55   0.12651453E-55
  0.12022644E+01   0.37649040E-57   0.49389733E-57
  0.11748976E+01   0.12702040E-58   0.17854852E-58
  0.11481536E+01   0.39613083E-60   0.59665243E-60
  0.11220185E+01   0.11398652E-61   0.18396545E-61
  0.10964782E+01   0.30206726E-63   0.52237986E-63
  0.10715193E+01   0.73579318E-65   0.13634478E-64
  0.10471285E+01   0.16442091E-66   0.32646739E-66
  0.10232930E+01   0.33638365E-68   0.71567797E-68
  0.10000000E+01   0.62877654E-70   0.14334386E-69
  0.97723722E+00   0.10715876E-71   0.26176431E-71
  0.95499259E+00   0.16614752E-73   0.43488722E-73
  0.93325430E+00   0.23385043E-75   0.65587479E-75
  0.91201084E+00   0.29811338E-77   0.89590971E-77
  0.89125094E+00   0.34341711E-79   0.11058716E-78
  0.87096359E+00   0.35664353E-81   0.12306006E-80
  0.85113804E+00   0.33309617E-83   0.12315510E-82
  0.83176377E+00   0.27909646E-85   0.11056995E-84
  0.81283052E+00   0.20926176E-87   0.88832657E-87
  0.79432823E+00   0.14004004E-89   0.63699350E-89
  0.77624712E+00   0.83424020E-92   0.40660610E-91
  0.75857758E+00   0.44119387E-94   0.23041580E-93
  0.74131024E+00   0.20656791E-96   0.11559675E-95
  0.72443596E+00   0.85380507E-99   0.51196645E-98
  0.70794578E+00   0.31063894-101   0.19958995-100
  0.69183097E+00   0.99189053-104   0.68288334-103
  0.67608298E+00   0.27711602-106   0.20442989-105
  0.66069345E+00   0.67530219-109   0.53380290-108
  0.64565423E+00   0.14308379-111   0.12119179-110
  0.63095734E+00   0.26273829-114   0.23845484-113
  0.61659500E+00   0.41672438-117   0.40525808-116
  0.60255959E+00   0.56896467-120   0.59288174-119
  0.58884366E+00   0.66637125-123   0.74404469-122
  0.57543994E+00   0.66709880-126   0.79812871-125
  0.56234133E+00   0.56874722-129   0.72912512-128
  0.54954087E+00   0.41141387-132   0.56514736-131
  0.53703180E+00   0.25153969-135   0.37024507-134
  0.52480746E+00   0.12947943-138   0.20421307-137
  0.51286138E+00   0.55888286-142   0.94450349-141
  0.50118723E+00   0.20145828-145   0.36481098-144
  0.48977882E+00   0.60390806-149   0.11718003-147
  0.47863009E+00   0.14990375-152   0.31167019-151
  0.46773514E+00   0.30676180-156   0.68341428-155
  0.45708819E+00   0.51520950-160   0.12298910-158
  0.44668359E+00   0.70690563-164   0.18081906-162
  0.43651583E+00   0.78865789-168   0.21615806-166
  0.42657952E+00   0.71198771-172   0.20910060-170
  0.41686938E+00   0.51757254-176   0.16287484-174
  0.40738028E+00   0.30143467-180   0.10164265-178
  0.39810717E+00   0.13992513-184   0.50556675-183
  0.38904514E+00   0.51497234-189   0.19937315-187
  0.38018940E+00   0.14945462-193   0.62000060-192
  0.37153523E+00   0.34014882-198   0.15119998-196
  0.36307805E+00   0.60367579-203   0.28753223-201
  0.35481339E+00   0.83061042-208   0.42391633-206
  0.34673685E+00   0.88079510-213   0.48167894-211
  0.33884416E+00   0.71548643-218   0.41926072-216
  0.33113112E+00   0.44246673-223   0.27781993-221
  0.32359366E+00   0.20699196-228   0.13926316-226
  0.31622777E+00   0.72777415-234   0.52466174-232
  0.30902954E+00   0.19103852-239   0.14757192-237
  0.30199517E+00   0.37185194-245   0.30778881-243
  0.29512092E+00   0.53298950-251   0.47271723-249
  0.28840315E+00   0.55856156-257   0.53082799-255
  0.28183829E+00   0.42487324-263   0.43265542-261
  0.27542287E+00   0.23283166-269   0.25405328-267
  0.26915348E+00   0.91222480-276   0.10665584-273
  0.26302680E+00   0.25353885-282   0.31763422-280
  0.25703958E+00   0.49590273-289   0.66570109-287
  0.25118864E+00   0.67702263-296   0.97383630-294
  0.24547089E+00   0.00000000E+00   0.00000000E+00
  0.23988329E+00   0.00000000E+00   0.00000000E+00
  0.23442288E+00   0.00000000E+00   0.00000000E+00
  0.22908677E+00   0.00000000E+00   0.00000000E+00
  0.22387211E+00   0.00000000E+00   0.00000000E+00
  0.21877616E+00   0.00000000E+00   0.00000000E+00
  0.21379621E+00   0.00000000E+00   0.00000000E+00
  0.20892961E+00   0.00000000E+00   0.00000000E+00
  0.20417379E+00   0.00000000E+00   0.00000000E+00
  0.19952623E+00   0.00000000E+00   0.00000000E+00
  0.19498446E+00   0.00000000E+00   0.00000000E+00
  0.19054607E+00   0.00000000E+00   0.00000000E+00
  0.18620871E+00   0.00000000E+00   0.00000000E+00
  0.18197009E+00   0.00000000E+00   0.00000000E+00
  0.17782794E+00   0.00000000E+00   0.00000000E+00
  0.17378008E+00   0.00000000E+00   0.00000000E+00
  0.16982437E+00   0.00000000E+00   0.00000000E+00
  0.16595869E+00   0.00000000E+00   0.00000000E+00
  0.16218101E+00   0.00000000E+00   0.00000000E+00
  0.15848932E+00   0.00000000E+00   0.00000000E+00
  0.15488166E+00   0.00000000E+00   0.00000000E+00
  0.15135612E+00   0.00000000E+00   0.00000000E+00
  0.14791084E+00   0.00000000E+00   0.00000000E+00
  0.14454398E+00   0.00000000E+00   0.00000000E+00
  0.14125375E+00   0.00000000E+00   0.00000000E+00
  0.13803843E+00   0.00000000E+00   0.00000000E+00
  0.13489629E+00   0.00000000E+00   0.00000000E+00
  0.13182567E+00   0.00000000E+00   0.00000000E+00
  0.12882496E+00   0.00000000E+00   0.00000000E+00
  0.12589254E+00   0.00000000E+00   0.00000000E+00
  0.12302688E+00   0.00000000E+00   0.00000000E+00
  0.12022644E+00   0.00000000E+00   0.00000000E+00
  0.11748976E+00   0.00000000E+00   0.00000000E+00
  0.11481536E+00   0.00000000E+00   0.00000000E+00
  0.11220185E+00   0.00000000E+00   0.00000000E+00
  0.10964782E+00   0.00000000E+00   0.00000000E+00
  0.10715193E+00   0.00000000E+00   0.00000000E+00
  0.10471285E+00   0.00000000E+00   0.00000000E+00
  0.10232930E+00   0.00000000E+00   0.00000000E+00
  0.10000000E+00   0.00000000E+00   0.00000000E+00
