  0.97723722E+04   0.40491079E+14   0.98910438E+02
  0.95499259E+04   0.37788471E+14   0.98910432E+02
  0.93325430E+04   0.35266251E+14   0.98910425E+02
  0.91201084E+04   0.32912379E+14   0.98910419E+02
  0.89125094E+04   0.30080554E+14   0.96865385E+02
  0.87096359E+04   0.28072801E+14   0.96865366E+02
  0.85113804E+04   0.26199057E+14   0.96865347E+02
  0.83176377E+04   0.24450378E+14   0.96865329E+02
  0.81283052E+04   0.22818417E+14   0.96865311E+02
  0.79432823E+04   0.20396205E+14   0.92775253E+02
  0.77624712E+04   0.19034838E+14   0.92775212E+02
  0.75857758E+04   0.17764337E+14   0.92775173E+02
  0.74131024E+04   0.16578637E+14   0.92775137E+02
  0.72443596E+04   0.15472079E+14   0.92775103E+02
  0.70794578E+04   0.14439380E+14   0.92775073E+02
  0.69183097E+04   0.13475609E+14   0.92775045E+02
  0.67608298E+04   0.12576167E+14   0.92775019E+02
  0.66069345E+04   0.11736758E+14   0.92774995E+02
  0.64565423E+04   0.10953378E+14   0.92774973E+02
  0.63095734E+04   0.10222284E+14   0.92774951E+02
  0.61659500E+04   0.95399888E+13   0.92774931E+02
  0.60255959E+04   0.89032336E+13   0.92774910E+02
  0.58884366E+04   0.83089792E+13   0.92774890E+02
  0.57543994E+04   0.77543888E+13   0.92774869E+02
  0.56234133E+04   0.72368150E+13   0.92774847E+02
  0.54954087E+04   0.67537871E+13   0.92774824E+02
  0.53703180E+04   0.63029993E+13   0.92774800E+02
  0.52480746E+04   0.58822996E+13   0.92774776E+02
  0.51286138E+04   0.54896798E+13   0.92774749E+02
  0.50118723E+04   0.51232658E+13   0.92774722E+02
  0.48977882E+04   0.47813084E+13   0.92774693E+02
  0.47863009E+04   0.44621751E+13   0.92774662E+02
  0.46773514E+04   0.41643427E+13   0.92774630E+02
  0.45708819E+04   0.38863893E+13   0.92774597E+02
  0.44668359E+04   0.36269881E+13   0.92774561E+02
  0.43651583E+04   0.33849009E+13   0.92774524E+02
  0.42657952E+04   0.31589720E+13   0.92774485E+02
  0.41686938E+04   0.29481229E+13   0.92774444E+02
  0.40738028E+04   0.27513471E+13   0.92774402E+02
  0.39810717E+04   0.25677053E+13   0.92774357E+02
  0.38904514E+04   0.23963208E+13   0.92774310E+02
  0.38018940E+04   0.22363755E+13   0.92774261E+02
  0.37153523E+04   0.20871059E+13   0.92774209E+02
  0.36307805E+04   0.19477994E+13   0.92774156E+02
  0.35481339E+04   0.18177911E+13   0.92774099E+02
  0.34673685E+04   0.16964603E+13   0.92774040E+02
  0.33884416E+04   0.15832278E+13   0.92773978E+02
  0.33113112E+04   0.14775531E+13   0.92773914E+02
  0.32359366E+04   0.13789318E+13   0.92773846E+02
  0.31622777E+04   0.12868931E+13   0.92773775E+02
  0.30902954E+04   0.12009975E+13   0.92773701E+02
  0.30199517E+04   0.11208352E+13   0.92773623E+02
  0.29512092E+04   0.10460233E+13   0.92773542E+02
  0.28840315E+04   0.97620486E+12   0.92773457E+02
  0.28183829E+04   0.91104651E+12   0.92773368E+02
  0.27542287E+04   0.85023722E+12   0.92773274E+02
  0.26915348E+04   0.79348670E+12   0.92773176E+02
  0.26302680E+04   0.74052406E+12   0.92773074E+02
  0.25703958E+04   0.69109647E+12   0.92772967E+02
  0.25118864E+04   0.64496797E+12   0.92772855E+02
  0.24547089E+04   0.60191837E+12   0.92772737E+02
  0.23988329E+04   0.56174216E+12   0.92772614E+02
  0.23442288E+04   0.52424756E+12   0.92772485E+02
  0.22908677E+04   0.48925558E+12   0.92772351E+02
  0.22387211E+04   0.45659918E+12   0.92772209E+02
  0.21877616E+04   0.42612247E+12   0.92772062E+02
  0.21379621E+04   0.39767996E+12   0.92771907E+02
  0.20892961E+04   0.37113589E+12   0.92771745E+02
  0.20417379E+04   0.34636353E+12   0.92771575E+02
  0.19952623E+04   0.32324464E+12   0.92771398E+02
  0.19498446E+04   0.30166884E+12   0.92771212E+02
  0.19054607E+04   0.28153315E+12   0.92771017E+02
  0.18620871E+04   0.26274145E+12   0.92770814E+02
  0.18197009E+04   0.24520402E+12   0.92770600E+02
  0.17782794E+04   0.22883716E+12   0.92770377E+02
  0.17378008E+04   0.21356273E+12   0.92770143E+02
  0.16982437E+04   0.19930781E+12   0.92769898E+02
  0.16595869E+04   0.18600435E+12   0.92769642E+02
  0.16218101E+04   0.17358886E+12   0.92769374E+02
  0.15848932E+04   0.16200206E+12   0.92769093E+02
  0.15488166E+04   0.15118864E+12   0.92768799E+02
  0.15135612E+04   0.14109698E+12   0.92768492E+02
  0.14791084E+04   0.13167891E+12   0.92768169E+02
  0.14454398E+04   0.12288946E+12   0.92767832E+02
  0.14125375E+04   0.11468668E+12   0.92767479E+02
  0.13803843E+04   0.10703141E+12   0.92767110E+02
  0.13489629E+04   0.99887109E+11   0.92766723E+02
  0.13182567E+04   0.93219667E+11   0.92766318E+02
  0.12882496E+04   0.86997257E+11   0.92765894E+02
  0.12589254E+04   0.81190176E+11   0.92765450E+02
  0.12302688E+04   0.75770702E+11   0.92764986E+02
  0.12022644E+04   0.70712963E+11   0.92764499E+02
  0.11748976E+04   0.65992814E+11   0.92763991E+02
  0.11481536E+04   0.61587724E+11   0.92763458E+02
  0.11220185E+04   0.57476663E+11   0.92762900E+02
  0.10964782E+04   0.53640005E+11   0.92762316E+02
  0.10715193E+04   0.50059436E+11   0.92761705E+02
  0.10471285E+04   0.46717862E+11   0.92761066E+02
  0.10232930E+04   0.43599331E+11   0.92760397E+02
  0.10000000E+04   0.40688956E+11   0.92759696E+02
  0.97723722E+03   0.37972843E+11   0.92758963E+02
  0.95499259E+03   0.35438026E+11   0.92758195E+02
  0.93325430E+03   0.33072403E+11   0.92757392E+02
  0.91201084E+03   0.30864683E+11   0.92756552E+02
  0.89125094E+03   0.28804325E+11   0.92755672E+02
  0.87096359E+03   0.26881493E+11   0.92754751E+02
  0.85113804E+03   0.25087009E+11   0.92753787E+02
  0.83176377E+03   0.23412304E+11   0.92752779E+02
  0.81283052E+03   0.21849385E+11   0.92751723E+02
  0.79432823E+03   0.20390790E+11   0.92750619E+02
  0.77624712E+03   0.19029555E+11   0.92749463E+02
  0.75857758E+03   0.17759182E+11   0.92748253E+02
  0.74131024E+03   0.16573607E+11   0.92746988E+02
  0.72443596E+03   0.15467169E+11   0.92745663E+02
  0.70794578E+03   0.14434587E+11   0.92744277E+02
  0.69183097E+03   0.13470929E+11   0.92742827E+02
  0.67608298E+03   0.12571597E+11   0.92741310E+02
  0.66069345E+03   0.11732296E+11   0.92739722E+02
  0.64565423E+03   0.10949020E+11   0.92738061E+02
  0.63095734E+03   0.10218028E+11   0.92736323E+02
  0.61659500E+03   0.95358318E+10   0.92734504E+02
  0.60255959E+03   0.88991735E+10   0.92732602E+02
  0.58884366E+03   0.83050137E+10   0.92730612E+02
  0.57543994E+03   0.77505157E+10   0.92728530E+02
  0.56234133E+03   0.72330322E+10   0.92726352E+02
  0.54954087E+03   0.67500926E+10   0.92724074E+02
  0.53703180E+03   0.62993910E+10   0.92721690E+02
  0.52480746E+03   0.58787757E+10   0.92719197E+02
  0.51286138E+03   0.54862384E+10   0.92716590E+02
  0.50118723E+03   0.51199050E+10   0.92713863E+02
  0.48977882E+03   0.47780264E+10   0.92711011E+02
  0.47863009E+03   0.44589702E+10   0.92708028E+02
  0.46773514E+03   0.41612131E+10   0.92704908E+02
  0.45708819E+03   0.38833334E+10   0.92701646E+02
  0.44668359E+03   0.36240042E+10   0.92698235E+02
  0.43651583E+03   0.33819874E+10   0.92694668E+02
  0.42657952E+03   0.31561273E+10   0.92690938E+02
  0.41686938E+03   0.27178992E+10   0.85529536E+02
  0.40738028E+03   0.25363688E+10   0.85525411E+02
  0.39810717E+03   0.23669578E+10   0.85521102E+02
  0.38904514E+03   0.22088574E+10   0.85516604E+02
  0.38018940E+03   0.20613125E+10   0.85511909E+02
  0.37153523E+03   0.19236185E+10   0.85507009E+02
  0.36307805E+03   0.17951178E+10   0.85501894E+02
  0.35481339E+03   0.16751968E+10   0.85496555E+02
  0.34673685E+03   0.15632827E+10   0.85490982E+02
  0.33884416E+03   0.14588410E+10   0.85485163E+02
  0.33113112E+03   0.13613729E+10   0.85479087E+02
  0.32359366E+03   0.12704128E+10   0.85472742E+02
  0.31622777E+03   0.11855263E+10   0.85466116E+02
  0.30902954E+03   0.11063080E+10   0.85459197E+02
  0.30199517E+03   0.10323794E+10   0.85451972E+02
  0.29512092E+03   0.96338741E+09   0.85444427E+02
  0.28840315E+03   0.89900254E+09   0.85436548E+02
  0.28183829E+03   0.83891720E+09   0.85428321E+02
  0.27542287E+03   0.78284437E+09   0.85419732E+02
  0.26915348E+03   0.73051619E+09   0.85410766E+02
  0.26302680E+03   0.68168267E+09   0.85401407E+02
  0.25703958E+03   0.63611051E+09   0.85391638E+02
  0.25118864E+03   0.59358200E+09   0.85381444E+02
  0.24547089E+03   0.55389394E+09   0.85370807E+02
  0.23988329E+03   0.51685671E+09   0.85359710E+02
  0.23442288E+03   0.48229333E+09   0.85348133E+02
  0.22908677E+03   0.45003865E+09   0.85336059E+02
  0.22387211E+03   0.41993854E+09   0.85323469E+02
  0.21877616E+03   0.39184915E+09   0.85310341E+02
  0.21379621E+03   0.36563624E+09   0.85296656E+02
  0.20892961E+03   0.34117453E+09   0.85282392E+02
  0.20417379E+03   0.31834710E+09   0.85267528E+02
  0.19952623E+03   0.29704484E+09   0.85252040E+02
  0.19498446E+03   0.27716591E+09   0.85235907E+02
  0.19054607E+03   0.25861529E+09   0.85219105E+02
  0.18620871E+03   0.24130428E+09   0.85201609E+02
  0.18197009E+03   0.22515012E+09   0.85183396E+02
  0.17782794E+03   0.21007555E+09   0.85164439E+02
  0.17378008E+03   0.19051614E+09   0.82758869E+02
  0.16982437E+03   0.17775589E+09   0.82738332E+02
  0.16595869E+03   0.16584862E+09   0.82716976E+02
  0.16218101E+03   0.15473740E+09   0.82694772E+02
  0.15848932E+03   0.14436904E+09   0.82671695E+02
  0.15488166E+03   0.13469395E+09   0.82647716E+02
  0.15135612E+03   0.12566582E+09   0.82622807E+02
  0.14791084E+03   0.11724145E+09   0.82596941E+02
  0.14454398E+03   0.10938052E+09   0.82570088E+02
  0.14125375E+03   0.10204539E+09   0.82542220E+02
  0.13803843E+03   0.95200938E+08   0.82513308E+02
  0.13489629E+03   0.88814399E+08   0.82483324E+02
  0.13182567E+03   0.82855183E+08   0.82452239E+02
  0.12882496E+03   0.77294746E+08   0.82420026E+02
  0.12589254E+03   0.65842055E+08   0.75229149E+02
  0.12302688E+03   0.61419117E+08   0.75194545E+02
  0.12022644E+03   0.57292355E+08   0.75158733E+02
  0.11748976E+03   0.53441982E+08   0.75121687E+02
  0.11481536E+03   0.49849529E+08   0.75083384E+02
  0.11220185E+03   0.46497761E+08   0.75043799E+02
  0.10964782E+03   0.43370591E+08   0.75002909E+02
  0.10715193E+03   0.40453008E+08   0.74960693E+02
  0.10471285E+03   0.37731003E+08   0.74917129E+02
  0.10232930E+03   0.35191502E+08   0.74872197E+02
  0.10000000E+03   0.32822304E+08   0.74825880E+02
  0.97723722E+02   0.30612022E+08   0.74778162E+02
  0.95499259E+02   0.28550030E+08   0.74729028E+02
  0.93325430E+02   0.26626411E+08   0.74678468E+02
  0.91201084E+02   0.24831910E+08   0.74626471E+02
  0.89125094E+02   0.23157892E+08   0.74573032E+02
  0.87096359E+02   0.21596296E+08   0.74518146E+02
  0.85113804E+02   0.20139600E+08   0.74461814E+02
  0.83176377E+02   0.18780785E+08   0.74404038E+02
  0.81283052E+02   0.17513299E+08   0.74344823E+02
  0.79432823E+02   0.16331029E+08   0.74284180E+02
  0.77624712E+02   0.15228271E+08   0.74222120E+02
  0.75857758E+02   0.14199698E+08   0.74158662E+02
  0.74131024E+02   0.13240343E+08   0.74093826E+02
  0.72443596E+02   0.12345569E+08   0.74027637E+02
  0.70794578E+02   0.11511048E+08   0.73960122E+02
  0.69183097E+02   0.10732741E+08   0.73891316E+02
  0.67608298E+02   0.10006879E+08   0.73821256E+02
  0.66069345E+02   0.93299465E+07   0.73749983E+02
  0.64565423E+02   0.86986601E+07   0.73677543E+02
  0.63095734E+02   0.81099572E+07   0.73603986E+02
  0.61659500E+02   0.75609792E+07   0.73529365E+02
  0.60255959E+02   0.70490590E+07   0.73453740E+02
  0.58884366E+02   0.65717072E+07   0.73377174E+02
  0.57543994E+02   0.61266011E+07   0.73299731E+02
  0.56234133E+02   0.57115732E+07   0.73221482E+02
  0.54954087E+02   0.53246006E+07   0.73142502E+02
  0.53703180E+02   0.49637961E+07   0.73062866E+02
  0.52480746E+02   0.46273984E+07   0.72982656E+02
  0.51286138E+02   0.43137642E+07   0.72901955E+02
  0.50118723E+02   0.40213600E+07   0.72820847E+02
  0.48977882E+02   0.37487551E+07   0.72739421E+02
  0.47863009E+02   0.34946144E+07   0.72657766E+02
  0.46773514E+02   0.32576926E+07   0.72575974E+02
  0.45708819E+02   0.30368274E+07   0.72494136E+02
  0.44668359E+02   0.28309347E+07   0.72412346E+02
  0.43651583E+02   0.26390030E+07   0.72330697E+02
  0.42657952E+02   0.24600886E+07   0.72249281E+02
  0.41686938E+02   0.22933115E+07   0.72168192E+02
  0.40738028E+02   0.21378504E+07   0.72087520E+02
  0.39810717E+02   0.19929394E+07   0.72007355E+02
  0.38904514E+02   0.18578640E+07   0.71927785E+02
  0.38018940E+02   0.17319579E+07   0.71848896E+02
  0.37153523E+02   0.16145996E+07   0.71770772E+02
  0.36307805E+02   0.15052095E+07   0.71693491E+02
  0.35481339E+02   0.14032471E+07   0.71617131E+02
  0.34673685E+02   0.13082082E+07   0.71541765E+02
  0.33884416E+02   0.12196229E+07   0.71467461E+02
  0.33113112E+02   0.11370529E+07   0.71394285E+02
  0.32359366E+02   0.10600895E+07   0.71322297E+02
  0.31622777E+02   0.98835182E+06   0.71251554E+02
  0.30902954E+02   0.92148455E+06   0.71182105E+02
  0.30199517E+02   0.85915660E+06   0.71113999E+02
  0.29512092E+02   0.80105930E+06   0.71047277E+02
  0.28840315E+02   0.74690492E+06   0.70981977E+02
  0.28183829E+02   0.69642526E+06   0.70918132E+02
  0.27542287E+02   0.64937033E+06   0.70855769E+02
  0.26915348E+02   0.60550716E+06   0.70794913E+02
  0.26302680E+02   0.56461859E+06   0.70735584E+02
  0.25703958E+02   0.52650225E+06   0.70677797E+02
  0.25118864E+02   0.49096955E+06   0.70621564E+02
  0.24547089E+02   0.45784474E+06   0.70566893E+02
  0.23988329E+02   0.42696403E+06   0.70513791E+02
  0.23442288E+02   0.39817481E+06   0.70462258E+02
  0.22908677E+02   0.37133487E+06   0.70412295E+02
  0.22387211E+02   0.34631166E+06   0.70363898E+02
  0.21877616E+02   0.32298172E+06   0.70317062E+02
  0.21379621E+02   0.30122997E+06   0.70271778E+02
  0.20892961E+02   0.28094918E+06   0.70228038E+02
  0.20417379E+02   0.26203945E+06   0.70185831E+02
  0.19952623E+02   0.24440767E+06   0.70145143E+02
  0.19498446E+02   0.22796710E+06   0.70105961E+02
  0.19054607E+02   0.21263689E+06   0.70068268E+02
  0.18620871E+02   0.19834171E+06   0.70032049E+02
  0.18197009E+02   0.18501137E+06   0.69997285E+02
  0.17782794E+02   0.17258045E+06   0.69963957E+02
  0.17378008E+02   0.16098798E+06   0.69932044E+02
  0.16982437E+02   0.15017715E+06   0.69901524E+02
  0.16595869E+02   0.14009503E+06   0.69872374E+02
  0.16218101E+02   0.13069226E+06   0.69844568E+02
  0.15848932E+02   0.12192286E+06   0.69818082E+02
  0.15488166E+02   0.11374397E+06   0.69792886E+02
  0.15135612E+02   0.10611565E+06   0.69768952E+02
  0.14791084E+02   0.99000654E+05   0.69746246E+02
  0.14454398E+02   0.92364293E+05   0.69724737E+02
  0.14125375E+02   0.86174217E+05   0.69704388E+02
  0.13803843E+02   0.80400277E+05   0.69685163E+02
  0.13489629E+02   0.75014371E+05   0.69667022E+02
  0.13182567E+02   0.69990303E+05   0.69649924E+02
  0.12882496E+02   0.65303656E+05   0.69633827E+02
  0.12589254E+02   0.60931665E+05   0.69618686E+02
  0.12302688E+02   0.56853114E+05   0.69604454E+02
  0.12022644E+02   0.53048222E+05   0.69591084E+02
  0.11748976E+02   0.49498548E+05   0.69578528E+02
  0.11481536E+02   0.46186903E+05   0.69566734E+02
  0.11220185E+02   0.43097259E+05   0.69555652E+02
  0.10964782E+02   0.40214676E+05   0.69545230E+02
  0.10715193E+02   0.37525224E+05   0.69535417E+02
  0.10471285E+02   0.33814320E+05   0.67140325E+02
  0.10232930E+02   0.28189053E+05   0.59974034E+02
  0.10000000E+02   0.26303887E+05   0.59965671E+02
  0.97723722E+01   0.24544958E+05   0.59957713E+02
  0.95499259E+01   0.22903784E+05   0.59950113E+02
  0.93325430E+01   0.21372455E+05   0.59942823E+02
  0.91201084E+01   0.19943597E+05   0.59935794E+02
  0.89125094E+01   0.18610332E+05   0.59928980E+02
  0.87096359E+01   0.17366247E+05   0.59922337E+02
  0.85113804E+01   0.16205362E+05   0.59915819E+02
  0.83176377E+01   0.15122100E+05   0.59909386E+02
  0.81283052E+01   0.14111259E+05   0.59902995E+02
  0.79432823E+01   0.13167989E+05   0.59896610E+02
  0.77624712E+01   0.12287766E+05   0.59890192E+02
  0.75857758E+01   0.11466369E+05   0.59883708E+02
  0.74131024E+01   0.10699861E+05   0.59877123E+02
  0.72443596E+01   0.99845718E+04   0.59870408E+02
  0.70794578E+01   0.93170744E+04   0.59863532E+02
  0.69183097E+01   0.86941736E+04   0.59856467E+02
  0.67608298E+01   0.81128882E+04   0.59849188E+02
  0.66069345E+01   0.75704365E+04   0.59841668E+02
  0.64565423E+01   0.70642234E+04   0.59833884E+02
  0.63095734E+01   0.65918276E+04   0.59825813E+02
  0.61659500E+01   0.61509897E+04   0.59817433E+02
  0.60255959E+01   0.57396016E+04   0.59808721E+02
  0.58884366E+01   0.53556961E+04   0.59799658E+02
  0.57543994E+01   0.49974378E+04   0.59790223E+02
  0.56234133E+01   0.46631137E+04   0.59780395E+02
  0.54954087E+01   0.43511254E+04   0.59770154E+02
  0.53703180E+01   0.40599815E+04   0.59759482E+02
  0.52480746E+01   0.37882898E+04   0.59748357E+02
  0.51286138E+01   0.35347515E+04   0.59736760E+02
  0.50118723E+01   0.32981544E+04   0.59724670E+02
  0.48977882E+01   0.30773673E+04   0.59712068E+02
  0.47863009E+01   0.28713345E+04   0.59698933E+02
  0.46773514E+01   0.26790708E+04   0.59685242E+02
  0.45708819E+01   0.24996567E+04   0.59670977E+02
  0.44668359E+01   0.23322343E+04   0.59656113E+02
  0.43651583E+01   0.21760028E+04   0.59640630E+02
  0.42657952E+01   0.20302149E+04   0.59624505E+02
  0.41686938E+01   0.18941732E+04   0.59607714E+02
  0.40738028E+01   0.17672270E+04   0.59590236E+02
  0.39810717E+01   0.16487687E+04   0.59572045E+02
  0.38904514E+01   0.15382316E+04   0.59553117E+02
  0.38018940E+01   0.14350867E+04   0.59533429E+02
  0.37153523E+01   0.13388402E+04   0.59512956E+02
  0.36307805E+01   0.12490315E+04   0.59491672E+02
  0.35481339E+01   0.11652306E+04   0.59469552E+02
  0.34673685E+01   0.10870363E+04   0.59446571E+02
  0.33884416E+01   0.10140740E+04   0.59422704E+02
  0.33113112E+01   0.94599423E+03   0.59397923E+02
  0.32359366E+01   0.88247092E+03   0.59372205E+02
  0.31622777E+01   0.82319967E+03   0.59345523E+02
  0.30902954E+01   0.76789642E+03   0.59317852E+02
  0.30199517E+01   0.71629608E+03   0.59289167E+02
  0.29512092E+01   0.66815126E+03   0.59259443E+02
  0.28840315E+01   0.62323107E+03   0.59228655E+02
  0.28183829E+01   0.58132006E+03   0.59196780E+02
  0.27542287E+01   0.54221714E+03   0.59163794E+02
  0.26915348E+01   0.50573466E+03   0.59129675E+02
  0.26302680E+01   0.47169749E+03   0.59094401E+02
  0.25703958E+01   0.43994218E+03   0.59057951E+02
  0.25118864E+01   0.41031623E+03   0.59020307E+02
  0.24547089E+01   0.38267727E+03   0.58981449E+02
  0.23988329E+01   0.35689247E+03   0.58941361E+02
  0.23442288E+01   0.33283787E+03   0.58900028E+02
  0.22908677E+01   0.31039775E+03   0.58857436E+02
  0.22387211E+01   0.28946415E+03   0.58813572E+02
  0.21877616E+01   0.26993631E+03   0.58768429E+02
  0.21379621E+01   0.25172018E+03   0.58721996E+02
  0.20892961E+01   0.23472801E+03   0.58674270E+02
  0.20417379E+01   0.21887790E+03   0.58625247E+02
  0.19952623E+01   0.20409341E+03   0.58574927E+02
  0.19498446E+01   0.19030321E+03   0.58523311E+02
  0.19054607E+01   0.17744073E+03   0.58470405E+02
  0.18620871E+01   0.16544386E+03   0.58416216E+02
  0.18197009E+01   0.15425460E+03   0.58360755E+02
  0.17782794E+01   0.14381886E+03   0.58304035E+02
  0.17378008E+01   0.13408614E+03   0.58246074E+02
  0.16982437E+01   0.12500932E+03   0.58186891E+02
  0.16595869E+01   0.11654442E+03   0.58126510E+02
  0.16218101E+01   0.10865040E+03   0.58064957E+02
  0.15848932E+01   0.10128897E+03   0.58002262E+02
  0.15488166E+01   0.94424381E+02   0.57938456E+02
  0.15135612E+01   0.88023280E+02   0.57873576E+02
  0.14791084E+01   0.82054542E+02   0.57807661E+02
  0.14454398E+01   0.76489121E+02   0.57740753E+02
  0.14125375E+01   0.71299909E+02   0.57672895E+02
  0.13803843E+01   0.66461613E+02   0.57604134E+02
  0.13489629E+01   0.61950630E+02   0.57534520E+02
  0.13182567E+01   0.57744932E+02   0.57464105E+02
  0.12882496E+01   0.53823967E+02   0.57392941E+02
  0.12589254E+01   0.50168558E+02   0.57321084E+02
  0.12302688E+01   0.46760809E+02   0.57248589E+02
  0.12022644E+01   0.43584023E+02   0.57175515E+02
  0.11748976E+01   0.40622620E+02   0.57101919E+02
  0.11481536E+01   0.37862065E+02   0.57027860E+02
  0.11220185E+01   0.35288796E+02   0.56953395E+02
  0.10964782E+01   0.32890161E+02   0.56878584E+02
  0.10715193E+01   0.30654355E+02   0.56803482E+02
  0.10471285E+01   0.28570367E+02   0.56728147E+02
  0.10232930E+01   0.26627925E+02   0.56652632E+02
  0.10000000E+01   0.24817445E+02   0.56576990E+02
  0.97723722E+00   0.23129990E+02   0.56501272E+02
  0.95499259E+00   0.21557224E+02   0.56425525E+02
  0.93325430E+00   0.20091370E+02   0.56349794E+02
  0.91201084E+00   0.18725178E+02   0.56274121E+02
  0.89125094E+00   0.17451883E+02   0.56198544E+02
  0.87096359E+00   0.16265180E+02   0.56123099E+02
  0.85113804E+00   0.15159187E+02   0.56047815E+02
  0.83176377E+00   0.14128422E+02   0.55972721E+02
  0.81283052E+00   0.13167771E+02   0.55897840E+02
  0.79432823E+00   0.12272467E+02   0.55823191E+02
  0.77624712E+00   0.11438068E+02   0.55748789E+02
  0.75857758E+00   0.10660429E+02   0.55674646E+02
  0.74131024E+00   0.99356900E+01   0.55600770E+02
  0.72443596E+00   0.92602505E+01   0.55527166E+02
  0.70794578E+00   0.86307556E+01   0.55453836E+02
  0.69183097E+00   0.80440781E+01   0.55380778E+02
  0.67608298E+00   0.74973035E+01   0.55307988E+02
  0.66069345E+00   0.69877155E+01   0.55235462E+02
  0.64565423E+00   0.65127831E+01   0.55163191E+02
  0.63095734E+00   0.60701471E+01   0.55091169E+02
  0.61659500E+00   0.56576094E+01   0.55019385E+02
  0.60255959E+00   0.52731216E+01   0.54947832E+02
  0.58884366E+00   0.49147750E+01   0.54876501E+02
  0.57543994E+00   0.45807909E+01   0.54805386E+02
  0.56234133E+00   0.42695120E+01   0.54734481E+02
  0.54954087E+00   0.39793938E+01   0.54663784E+02
  0.53703180E+00   0.37089973E+01   0.54593293E+02
  0.52480746E+00   0.34569816E+01   0.54523011E+02
  0.51286138E+00   0.32220970E+01   0.54452946E+02
  0.50118723E+00   0.30031792E+01   0.54383108E+02
  0.48977882E+00   0.27991431E+01   0.54313511E+02
  0.47863009E+00   0.26089775E+01   0.54244174E+02
  0.46773514E+00   0.24317399E+01   0.54175122E+02
  0.45708819E+00   0.22665522E+01   0.54106383E+02
  0.44668359E+00   0.21125958E+01   0.54037991E+02
  0.43651583E+00   0.19691079E+01   0.53969984E+02
  0.42657952E+00   0.18353774E+01   0.53902406E+02
  0.41686938E+00   0.17107415E+01   0.53835303E+02
  0.40738028E+00   0.15945825E+01   0.53768729E+02
  0.39810717E+00   0.14863245E+01   0.53702737E+02
  0.38904514E+00   0.13854308E+01   0.53637387E+02
  0.38018940E+00   0.12914010E+01   0.53572742E+02
  0.37153523E+00   0.12037685E+01   0.53508865E+02
  0.36307805E+00   0.11220985E+01   0.53445821E+02
  0.35481339E+00   0.10459857E+01   0.53383679E+02
  0.34673685E+00   0.97505199E+00   0.53322505E+02
  0.33884416E+00   0.90894520E+00   0.53262368E+02
  0.33113112E+00   0.84733681E+00   0.53203334E+02
  0.32359366E+00   0.78992062E+00   0.53145467E+02
  0.31622777E+00   0.73641120E+00   0.53088830E+02
  0.30902954E+00   0.68654244E+00   0.53033484E+02
  0.30199517E+00   0.64006630E+00   0.52979485E+02
  0.29512092E+00   0.59675156E+00   0.52926885E+02
  0.28840315E+00   0.55638269E+00   0.52875731E+02
  0.28183829E+00   0.51875883E+00   0.52826066E+02
  0.27542287E+00   0.48369272E+00   0.52777927E+02
  0.26915348E+00   0.45100988E+00   0.52731343E+02
  0.26302680E+00   0.42054769E+00   0.52686339E+02
  0.25703958E+00   0.39215459E+00   0.52642933E+02
  0.25118864E+00   0.36568937E+00   0.52601134E+02
  0.24547089E+00   0.34102044E+00   0.52560947E+02
  0.23988329E+00   0.31802519E+00   0.52522367E+02
  0.23442288E+00   0.29658939E+00   0.52485384E+02
  0.22908677E+00   0.27660661E+00   0.52449979E+02
  0.22387211E+00   0.25797770E+00   0.52416128E+02
  0.21877616E+00   0.24061030E+00   0.52383799E+02
  0.21379621E+00   0.22441837E+00   0.52352953E+02
  0.20892961E+00   0.20932177E+00   0.52323546E+02
  0.20417379E+00   0.19524583E+00   0.52295527E+02
  0.19952623E+00   0.18212103E+00   0.52268842E+02
  0.19498446E+00   0.16988260E+00   0.52243427E+02
  0.19054607E+00   0.15847020E+00   0.52219219E+02
  0.18620871E+00   0.14782765E+00   0.52196148E+02
  0.18197009E+00   0.13790262E+00   0.52174140E+02
  0.17782794E+00   0.12864636E+00   0.52153120E+02
  0.17378008E+00   0.12001348E+00   0.52133008E+02
  0.16982437E+00   0.11196166E+00   0.52113725E+02
  0.16595869E+00   0.10445154E+00   0.52095188E+02
  0.16218101E+00   0.97446404E-01   0.52077316E+02
  0.15848932E+00   0.90912080E-01   0.52060024E+02
  0.15488166E+00   0.84816721E-01   0.52043231E+02
  0.15135612E+00   0.79130660E-01   0.52026853E+02
  0.14791084E+00   0.73826257E-01   0.52010810E+02
  0.14454398E+00   0.68877757E-01   0.51995022E+02
  0.14125375E+00   0.64261163E-01   0.51979411E+02
  0.13803843E+00   0.59954110E-01   0.51963900E+02
  0.13489629E+00   0.55935758E-01   0.51948415E+02
  0.13182567E+00   0.52186682E-01   0.51932886E+02
  0.12882496E+00   0.48688775E-01   0.51917243E+02
  0.12589254E+00   0.45425160E-01   0.51901420E+02
  0.12302688E+00   0.42380104E-01   0.51885354E+02
  0.12022644E+00   0.39538936E-01   0.51868985E+02
  0.11748976E+00   0.36887980E-01   0.51852254E+02
  0.11481536E+00   0.34414481E-01   0.51835107E+02
  0.11220185E+00   0.32106547E-01   0.51817491E+02
  0.10964782E+00   0.29953087E-01   0.51799356E+02
  0.10715193E+00   0.27943755E-01   0.51780656E+02
  0.10471285E+00   0.26068904E-01   0.51761344E+02
  0.10232930E+00   0.24319533E-01   0.51741379E+02
  0.10000000E+00   0.22687246E-01   0.51720719E+02
