  0.97723722E+04   0.43700207E+14   0.10674960E+03
  0.95499259E+04   0.40783399E+14   0.10674958E+03
  0.93325430E+04   0.38061276E+14   0.10674957E+03
  0.91201084E+04   0.35520843E+14   0.10674955E+03
  0.89125094E+04   0.33150015E+14   0.10674966E+03
  0.87096359E+04   0.30937376E+14   0.10674960E+03
  0.85113804E+04   0.28872423E+14   0.10674954E+03
  0.83176377E+04   0.26945299E+14   0.10674948E+03
  0.81283052E+04   0.25146803E+14   0.10674943E+03
  0.79432823E+04   0.23468419E+14   0.10674969E+03
  0.77624712E+04   0.21901977E+14   0.10674956E+03
  0.75857758E+04   0.20440091E+14   0.10674944E+03
  0.74131024E+04   0.19075782E+14   0.10674932E+03
  0.72443596E+04   0.17802538E+14   0.10674922E+03
  0.70794578E+04   0.16614280E+14   0.10674912E+03
  0.69183097E+04   0.15505336E+14   0.10674903E+03
  0.67608298E+04   0.14470410E+14   0.10674895E+03
  0.66069345E+04   0.13504563E+14   0.10674888E+03
  0.64565423E+04   0.12603183E+14   0.10674881E+03
  0.63095734E+04   0.11761968E+14   0.10674874E+03
  0.61659500E+04   0.10976900E+14   0.10674867E+03
  0.60255959E+04   0.10244233E+14   0.10674861E+03
  0.58884366E+04   0.95604689E+13   0.10674855E+03
  0.57543994E+04   0.89223432E+13   0.10674848E+03
  0.56234133E+04   0.83268098E+13   0.10674841E+03
  0.54954087E+04   0.77710259E+13   0.10674834E+03
  0.53703180E+04   0.72523383E+13   0.10674826E+03
  0.52480746E+04   0.67682709E+13   0.10674819E+03
  0.51286138E+04   0.63165131E+13   0.10674810E+03
  0.50118723E+04   0.58949082E+13   0.10674802E+03
  0.48977882E+04   0.55014438E+13   0.10674793E+03
  0.47863009E+04   0.51342415E+13   0.10674783E+03
  0.46773514E+04   0.47915484E+13   0.10674773E+03
  0.45708819E+04   0.44717287E+13   0.10674762E+03
  0.44668359E+04   0.41732557E+13   0.10674751E+03
  0.43651583E+04   0.38947046E+13   0.10674740E+03
  0.42657952E+04   0.36347456E+13   0.10674727E+03
  0.41686938E+04   0.33921379E+13   0.10674715E+03
  0.40738028E+04   0.31657233E+13   0.10674701E+03
  0.39810717E+04   0.29544210E+13   0.10674687E+03
  0.38904514E+04   0.27572223E+13   0.10674672E+03
  0.38018940E+04   0.25731859E+13   0.10674657E+03
  0.37153523E+04   0.24014331E+13   0.10674641E+03
  0.36307805E+04   0.22411443E+13   0.10674624E+03
  0.35481339E+04   0.20915540E+13   0.10674606E+03
  0.34673685E+04   0.19519484E+13   0.10674588E+03
  0.33884416E+04   0.18216609E+13   0.10674568E+03
  0.33113112E+04   0.17000697E+13   0.10674548E+03
  0.32359366E+04   0.15865942E+13   0.10674527E+03
  0.31622777E+04   0.14806927E+13   0.10674504E+03
  0.30902954E+04   0.13818599E+13   0.10674481E+03
  0.30199517E+04   0.12896237E+13   0.10674457E+03
  0.29512092E+04   0.12035440E+13   0.10674431E+03
  0.28840315E+04   0.11232098E+13   0.10674404E+03
  0.28183829E+04   0.10482376E+13   0.10674376E+03
  0.27542287E+04   0.97826957E+12   0.10674347E+03
  0.26915348E+04   0.91297166E+12   0.10674316E+03
  0.26302680E+04   0.85203216E+12   0.10674284E+03
  0.25703958E+04   0.79516017E+12   0.10674250E+03
  0.25118864E+04   0.74208419E+12   0.10674215E+03
  0.24547089E+04   0.69255087E+12   0.10674178E+03
  0.23988329E+04   0.64632374E+12   0.10674140E+03
  0.23442288E+04   0.60318212E+12   0.10674099E+03
  0.22908677E+04   0.56292008E+12   0.10674057E+03
  0.22387211E+04   0.52534540E+12   0.10674013E+03
  0.21877616E+04   0.49027872E+12   0.10673966E+03
  0.21379621E+04   0.45755264E+12   0.10673917E+03
  0.20892961E+04   0.42701094E+12   0.10673867E+03
  0.20417379E+04   0.39850780E+12   0.10673813E+03
  0.19952623E+04   0.37190718E+12   0.10673758E+03
  0.19498446E+04   0.34708207E+12   0.10673699E+03
  0.19054607E+04   0.32391398E+12   0.10673638E+03
  0.18620871E+04   0.30229231E+12   0.10673574E+03
  0.18197009E+04   0.28211382E+12   0.10673507E+03
  0.17782794E+04   0.26328221E+12   0.10673437E+03
  0.17378008E+04   0.24570756E+12   0.10673363E+03
  0.16982437E+04   0.22930599E+12   0.10673287E+03
  0.16595869E+04   0.21399919E+12   0.10673206E+03
  0.16218101E+04   0.19971408E+12   0.10673122E+03
  0.15848932E+04   0.18638249E+12   0.10673034E+03
  0.15488166E+04   0.17394075E+12   0.10672941E+03
  0.15135612E+04   0.16232948E+12   0.10672845E+03
  0.14791084E+04   0.15149325E+12   0.10672743E+03
  0.14454398E+04   0.14138033E+12   0.10672637E+03
  0.14125375E+04   0.13194243E+12   0.10672526E+03
  0.13803843E+04   0.12313450E+12   0.10672410E+03
  0.13489629E+04   0.11491449E+12   0.10672289E+03
  0.13182567E+04   0.10724316E+12   0.10672162E+03
  0.12882496E+04   0.10008390E+12   0.10672028E+03
  0.12589254E+04   0.93402506E+11   0.10671889E+03
  0.12302688E+04   0.87167098E+11   0.10671743E+03
  0.12022644E+04   0.81347905E+11   0.10671590E+03
  0.11748976E+04   0.75917145E+11   0.10671430E+03
  0.11481536E+04   0.70848891E+11   0.10671263E+03
  0.11220185E+04   0.66118947E+11   0.10671088E+03
  0.10964782E+04   0.61704731E+11   0.10670905E+03
  0.10715193E+04   0.57585170E+11   0.10670713E+03
  0.10471285E+04   0.53740595E+11   0.10670512E+03
  0.10232930E+04   0.50152654E+11   0.10670301E+03
  0.10000000E+04   0.46804214E+11   0.10670081E+03
  0.97723722E+03   0.43679291E+11   0.10669851E+03
  0.95499259E+03   0.40762965E+11   0.10669610E+03
  0.93325430E+03   0.38041313E+11   0.10669358E+03
  0.91201084E+03   0.35501340E+11   0.10669093E+03
  0.89125094E+03   0.33130920E+11   0.10668817E+03
  0.87096359E+03   0.30918735E+11   0.10668528E+03
  0.85113804E+03   0.28854224E+11   0.10668225E+03
  0.83176377E+03   0.26927529E+11   0.10667908E+03
  0.81283052E+03   0.25129451E+11   0.10667577E+03
  0.79432823E+03   0.23451405E+11   0.10667230E+03
  0.77624712E+03   0.21885380E+11   0.10666866E+03
  0.75857758E+03   0.20423897E+11   0.10666486E+03
  0.74131024E+03   0.19059979E+11   0.10666089E+03
  0.72443596E+03   0.17787114E+11   0.10665673E+03
  0.70794578E+03   0.16599223E+11   0.10665237E+03
  0.69183097E+03   0.15490634E+11   0.10664782E+03
  0.67608298E+03   0.14456055E+11   0.10664305E+03
  0.66069345E+03   0.13490544E+11   0.10663806E+03
  0.64565423E+03   0.12589492E+11   0.10663284E+03
  0.63095734E+03   0.11748596E+11   0.10662738E+03
  0.61659500E+03   0.10963841E+11   0.10662167E+03
  0.60255959E+03   0.10231478E+11   0.10661569E+03
  0.58884366E+03   0.95480108E+10   0.10660944E+03
  0.57543994E+03   0.89101754E+10   0.10660290E+03
  0.56234133E+03   0.83149258E+10   0.10659606E+03
  0.54954087E+03   0.77594192E+10   0.10658890E+03
  0.53703180E+03   0.72410027E+10   0.10658141E+03
  0.52480746E+03   0.67572003E+10   0.10657358E+03
  0.51286138E+03   0.63057015E+10   0.10656539E+03
  0.50118723E+03   0.58843500E+10   0.10655682E+03
  0.48977882E+03   0.54911331E+10   0.10654786E+03
  0.47863009E+03   0.51241729E+10   0.10653849E+03
  0.46773514E+03   0.47817165E+10   0.10652869E+03
  0.45708819E+03   0.44621282E+10   0.10651844E+03
  0.44668359E+03   0.41638813E+10   0.10650773E+03
  0.43651583E+03   0.38855513E+10   0.10649652E+03
  0.42657952E+03   0.36258085E+10   0.10648480E+03
  0.41686938E+03   0.33834364E+10   0.10647332E+03
  0.40738028E+03   0.31572222E+10   0.10646036E+03
  0.39810717E+03   0.29461166E+10   0.10644682E+03
  0.38904514E+03   0.27491110E+10   0.10643269E+03
  0.38018940E+03   0.25652641E+10   0.10641794E+03
  0.37153523E+03   0.23936974E+10   0.10640255E+03
  0.36307805E+03   0.22335911E+10   0.10638648E+03
  0.35481339E+03   0.20841798E+10   0.10636971E+03
  0.34673685E+03   0.19447496E+10   0.10635220E+03
  0.33884416E+03   0.18146339E+10   0.10633392E+03
  0.33113112E+03   0.16932109E+10   0.10631483E+03
  0.32359366E+03   0.15799001E+10   0.10629489E+03
  0.31622777E+03   0.14741599E+10   0.10627408E+03
  0.30902954E+03   0.13754846E+10   0.10625234E+03
  0.30199517E+03   0.12834027E+10   0.10622964E+03
  0.29512092E+03   0.11974738E+10   0.10620594E+03
  0.28840315E+03   0.11172872E+10   0.10618119E+03
  0.28183829E+03   0.10424592E+10   0.10615534E+03
  0.27542287E+03   0.97263228E+09   0.10612836E+03
  0.26915348E+03   0.90747234E+09   0.10610019E+03
  0.26302680E+03   0.84666776E+09   0.10607079E+03
  0.25703958E+03   0.78992772E+09   0.10604010E+03
  0.25118864E+03   0.73698079E+09   0.10600807E+03
  0.24547089E+03   0.68757368E+09   0.10597466E+03
  0.23988329E+03   0.64146999E+09   0.10593979E+03
  0.23442288E+03   0.59844912E+09   0.10590343E+03
  0.22908677E+03   0.55830518E+09   0.10586549E+03
  0.22387211E+03   0.52084603E+09   0.10582594E+03
  0.21877616E+03   0.48589237E+09   0.10578470E+03
  0.21379621E+03   0.45327684E+09   0.10574170E+03
  0.20892961E+03   0.42284329E+09   0.10569689E+03
  0.20417379E+03   0.39444598E+09   0.10565019E+03
  0.19952623E+03   0.36794888E+09   0.10560154E+03
  0.19498446E+03   0.34322506E+09   0.10555086E+03
  0.19054607E+03   0.32015607E+09   0.10549807E+03
  0.18620871E+03   0.29863136E+09   0.10544311E+03
  0.18197009E+03   0.27854777E+09   0.10538589E+03
  0.17782794E+03   0.25980900E+09   0.10532633E+03
  0.17378008E+03   0.24232572E+09   0.10526458E+03
  0.16982437E+03   0.22601291E+09   0.10520007E+03
  0.16595869E+03   0.21079300E+09   0.10513297E+03
  0.16218101E+03   0.19659295E+09   0.10506322E+03
  0.15848932E+03   0.18334461E+09   0.10499072E+03
  0.15488166E+03   0.17098437E+09   0.10491539E+03
  0.15135612E+03   0.15945288E+09   0.10483714E+03
  0.14791084E+03   0.14869474E+09   0.10475587E+03
  0.14454398E+03   0.13865825E+09   0.10467151E+03
  0.14125375E+03   0.12929518E+09   0.10458396E+03
  0.13803843E+03   0.12056048E+09   0.10449313E+03
  0.13489629E+03   0.11241216E+09   0.10439894E+03
  0.13182567E+03   0.10481100E+09   0.10430128E+03
  0.12882496E+03   0.97720408E+08   0.10420008E+03
  0.12589254E+03   0.91106897E+08   0.10409600E+03
  0.12302688E+03   0.84937107E+08   0.10398728E+03
  0.12022644E+03   0.79182158E+08   0.10387478E+03
  0.11748976E+03   0.73814293E+08   0.10375839E+03
  0.11481536E+03   0.68807615E+08   0.10363806E+03
  0.11220185E+03   0.64137948E+08   0.10351370E+03
  0.10964782E+03   0.59782735E+08   0.10338524E+03
  0.10715193E+03   0.55720921E+08   0.10325262E+03
  0.10471285E+03   0.51932862E+08   0.10311576E+03
  0.10232930E+03   0.48400220E+08   0.10297460E+03
  0.10000000E+03   0.45105886E+08   0.10282909E+03
  0.97723722E+02   0.42033892E+08   0.10267918E+03
  0.95499259E+02   0.39169339E+08   0.10252482E+03
  0.93325430E+02   0.36498320E+08   0.10236598E+03
  0.91201084E+02   0.34007859E+08   0.10220263E+03
  0.89125094E+02   0.31685845E+08   0.10203474E+03
  0.87096359E+02   0.29520980E+08   0.10186231E+03
  0.85113804E+02   0.27502716E+08   0.10168534E+03
  0.83176377E+02   0.25621212E+08   0.10150383E+03
  0.81283052E+02   0.23867284E+08   0.10131780E+03
  0.79432823E+02   0.22232361E+08   0.10112729E+03
  0.77624712E+02   0.20708445E+08   0.10093232E+03
  0.75857758E+02   0.19288073E+08   0.10073296E+03
  0.74131024E+02   0.17964278E+08   0.10052927E+03
  0.72443596E+02   0.16730562E+08   0.10032133E+03
  0.70794578E+02   0.15580857E+08   0.10010923E+03
  0.69183097E+02   0.14509505E+08   0.99893071E+02
  0.67608298E+02   0.13511222E+08   0.99672970E+02
  0.66069345E+02   0.12581080E+08   0.99449059E+02
  0.64565423E+02   0.11714478E+08   0.99221481E+02
  0.63095734E+02   0.10907125E+08   0.98990395E+02
  0.61659500E+02   0.10155015E+08   0.98755968E+02
  0.60255959E+02   0.94544117E+07   0.98518385E+02
  0.58884366E+02   0.88018273E+07   0.98277843E+02
  0.57543994E+02   0.81940080E+07   0.98034549E+02
  0.56234133E+02   0.76279179E+07   0.97788724E+02
  0.54954087E+02   0.71007243E+07   0.97540600E+02
  0.53703180E+02   0.66097844E+07   0.97290418E+02
  0.52480746E+02   0.61526327E+07   0.97038430E+02
  0.51286138E+02   0.57269689E+07   0.96784899E+02
  0.50118723E+02   0.53306472E+07   0.96530091E+02
  0.48977882E+02   0.49616659E+07   0.96274283E+02
  0.47863009E+02   0.46181580E+07   0.96017757E+02
  0.46773514E+02   0.42983818E+07   0.95760799E+02
  0.45708819E+02   0.40007132E+07   0.95503699E+02
  0.44668359E+02   0.37236374E+07   0.95246748E+02
  0.43651583E+02   0.34657418E+07   0.94990239E+02
  0.42657952E+02   0.32257093E+07   0.94734464E+02
  0.41686938E+02   0.30023118E+07   0.94479715E+02
  0.40738028E+02   0.27944044E+07   0.94226276E+02
  0.39810717E+02   0.26009196E+07   0.93974430E+02
  0.38904514E+02   0.24208626E+07   0.93724455E+02
  0.38018940E+02   0.22533063E+07   0.93476619E+02
  0.37153523E+02   0.20973863E+07   0.93231183E+02
  0.36307805E+02   0.19522975E+07   0.92988399E+02
  0.35481339E+02   0.18172897E+07   0.92748508E+02
  0.34673685E+02   0.16916638E+07   0.92511737E+02
  0.33884416E+02   0.15747689E+07   0.92278305E+02
  0.33113112E+02   0.14659986E+07   0.92048416E+02
  0.32359366E+02   0.13647880E+07   0.91822259E+02
  0.31622777E+02   0.12706114E+07   0.91600011E+02
  0.30902954E+02   0.11829792E+07   0.91381833E+02
  0.30199517E+02   0.11014354E+07   0.91167871E+02
  0.29512092E+02   0.10255560E+07   0.90958258E+02
  0.28840315E+02   0.95494587E+06   0.90753113E+02
  0.28183829E+02   0.88923766E+06   0.90552536E+02
  0.27542287E+02   0.82808934E+06   0.90356618E+02
  0.26915348E+02   0.77118274E+06   0.90165433E+02
  0.26302680E+02   0.71822183E+06   0.89979044E+02
  0.25703958E+02   0.66893123E+06   0.89797500E+02
  0.25118864E+02   0.62305478E+06   0.89620839E+02
  0.24547089E+02   0.58035421E+06   0.89449088E+02
  0.23988329E+02   0.54060793E+06   0.89282261E+02
  0.23442288E+02   0.50360983E+06   0.89120367E+02
  0.22908677E+02   0.46916825E+06   0.88963403E+02
  0.22387211E+02   0.43710497E+06   0.88811359E+02
  0.21877616E+02   0.40725424E+06   0.88664219E+02
  0.21379621E+02   0.37946195E+06   0.88521956E+02
  0.20892961E+02   0.35358477E+06   0.88384543E+02
  0.20417379E+02   0.32948945E+06   0.88251944E+02
  0.19952623E+02   0.30705206E+06   0.88124120E+02
  0.19498446E+02   0.28615738E+06   0.88001025E+02
  0.19054607E+02   0.26669826E+06   0.87882611E+02
  0.18620871E+02   0.24857504E+06   0.87768825E+02
  0.18197009E+02   0.23169505E+06   0.87659610E+02
  0.17782794E+02   0.21597213E+06   0.87554906E+02
  0.17378008E+02   0.20132612E+06   0.87454648E+02
  0.16982437E+02   0.18768248E+06   0.87358767E+02
  0.16595869E+02   0.17497186E+06   0.87267189E+02
  0.16218101E+02   0.16312979E+06   0.87179837E+02
  0.15848932E+02   0.15209627E+06   0.87096627E+02
  0.15488166E+02   0.14181550E+06   0.87017472E+02
  0.15135612E+02   0.13223556E+06   0.86942279E+02
  0.14791084E+02   0.12330815E+06   0.86870948E+02
  0.14454398E+02   0.11498835E+06   0.86803374E+02
  0.14125375E+02   0.10723434E+06   0.86739447E+02
  0.13803843E+02   0.10000722E+06   0.86679049E+02
  0.13489629E+02   0.93270805E+05   0.86622058E+02
  0.13182567E+02   0.86991404E+05   0.86568344E+02
  0.12882496E+02   0.81137676E+05   0.86517774E+02
  0.12589254E+02   0.75680453E+05   0.86470206E+02
  0.12302688E+02   0.70592588E+05   0.86425496E+02
  0.12022644E+02   0.65848819E+05   0.86383493E+02
  0.11748976E+02   0.61425630E+05   0.86344045E+02
  0.11481536E+02   0.57301134E+05   0.86306993E+02
  0.11220185E+02   0.53454958E+05   0.86272179E+02
  0.10964782E+02   0.49868137E+05   0.86239438E+02
  0.10715193E+02   0.46523016E+05   0.86208609E+02
  0.10471285E+02   0.43403285E+05   0.86179779E+02
  0.10232930E+02   0.40493686E+05   0.86152936E+02
  0.10000000E+02   0.37779381E+05   0.86126662E+02
  0.97723722E+01   0.35247536E+05   0.86101663E+02
  0.95499259E+01   0.32885793E+05   0.86077787E+02
  0.93325430E+01   0.30682641E+05   0.86054883E+02
  0.91201084E+01   0.28627359E+05   0.86032801E+02
  0.89125094E+01   0.26709959E+05   0.86011395E+02
  0.87096359E+01   0.24921135E+05   0.85990524E+02
  0.85113804E+01   0.23252219E+05   0.85970049E+02
  0.83176377E+01   0.21695131E+05   0.85949837E+02
  0.81283052E+01   0.20242345E+05   0.85929761E+02
  0.79432823E+01   0.18886846E+05   0.85909700E+02
  0.77624712E+01   0.17622093E+05   0.85889538E+02
  0.75857758E+01   0.16441994E+05   0.85869167E+02
  0.74131024E+01   0.15340865E+05   0.85848481E+02
  0.72443596E+01   0.14313410E+05   0.85827384E+02
  0.70794578E+01   0.13354689E+05   0.85805783E+02
  0.69183097E+01   0.12460097E+05   0.85783589E+02
  0.67608298E+01   0.11625340E+05   0.85760720E+02
  0.66069345E+01   0.10846410E+05   0.85737096E+02
  0.64565423E+01   0.10119571E+05   0.85712642E+02
  0.63095734E+01   0.94413395E+04   0.85687286E+02
  0.61659500E+01   0.88084634E+04   0.85660958E+02
  0.60255959E+01   0.82179100E+04   0.85633591E+02
  0.58884366E+01   0.76668498E+04   0.85605118E+02
  0.57543994E+01   0.71526429E+04   0.85575475E+02
  0.56234133E+01   0.66728264E+04   0.85544600E+02
  0.54954087E+01   0.62251019E+04   0.85512429E+02
  0.53703180E+01   0.58073252E+04   0.85478900E+02
  0.52480746E+01   0.54174953E+04   0.85443950E+02
  0.51286138E+01   0.50537450E+04   0.85407517E+02
  0.50118723E+01   0.47143319E+04   0.85369537E+02
  0.48977882E+01   0.43976301E+04   0.85329945E+02
  0.47863009E+01   0.41021224E+04   0.85288679E+02
  0.46773514E+01   0.38263928E+04   0.85245670E+02
  0.45708819E+01   0.35691201E+04   0.85200852E+02
  0.44668359E+01   0.33290712E+04   0.85154157E+02
  0.43651583E+01   0.31050953E+04   0.85105516E+02
  0.42657952E+01   0.28961186E+04   0.85054857E+02
  0.41686938E+01   0.27011390E+04   0.85002109E+02
  0.40738028E+01   0.25192211E+04   0.84947197E+02
  0.39810717E+01   0.23494922E+04   0.84890049E+02
  0.38904514E+01   0.21911378E+04   0.84830587E+02
  0.38018940E+01   0.20433978E+04   0.84768735E+02
  0.37153523E+01   0.19055629E+04   0.84704416E+02
  0.36307805E+01   0.17769709E+04   0.84637550E+02
  0.35481339E+01   0.16570041E+04   0.84568059E+02
  0.34673685E+01   0.15450860E+04   0.84495862E+02
  0.33884416E+01   0.14406786E+04   0.84420880E+02
  0.33113112E+01   0.13432796E+04   0.84343030E+02
  0.32359366E+01   0.12524206E+04   0.84262234E+02
  0.31622777E+01   0.11676642E+04   0.84178410E+02
  0.30902954E+01   0.10886022E+04   0.84091480E+02
  0.30199517E+01   0.10148540E+04   0.84001363E+02
  0.29512092E+01   0.94606396E+03   0.83907981E+02
  0.28840315E+01   0.88190051E+03   0.83811259E+02
  0.28183829E+01   0.82205406E+03   0.83711120E+02
  0.27542287E+01   0.76623577E+03   0.83607491E+02
  0.26915348E+01   0.71417605E+03   0.83500303E+02
  0.26302680E+01   0.66562332E+03   0.83389487E+02
  0.25703958E+01   0.62034281E+03   0.83274977E+02
  0.25118864E+01   0.57811541E+03   0.83156714E+02
  0.24547089E+01   0.53873666E+03   0.83034638E+02
  0.23988329E+01   0.50201573E+03   0.82908698E+02
  0.23442288E+01   0.46777456E+03   0.82778846E+02
  0.22908677E+01   0.43584695E+03   0.82645039E+02
  0.22387211E+01   0.40607783E+03   0.82507238E+02
  0.21877616E+01   0.37832245E+03   0.82365414E+02
  0.21379621E+01   0.35244576E+03   0.82219543E+02
  0.20892961E+01   0.32832170E+03   0.82069607E+02
  0.20417379E+01   0.30583264E+03   0.81915597E+02
  0.19952623E+01   0.28486880E+03   0.81757511E+02
  0.19498446E+01   0.26532774E+03   0.81595355E+02
  0.19054607E+01   0.24711386E+03   0.81429145E+02
  0.18620871E+01   0.23013792E+03   0.81258905E+02
  0.18197009E+01   0.21431668E+03   0.81084669E+02
  0.17782794E+01   0.19957242E+03   0.80906479E+02
  0.17378008E+01   0.18583264E+03   0.80724389E+02
  0.16982437E+01   0.17302966E+03   0.80538461E+02
  0.16595869E+01   0.16110034E+03   0.80348768E+02
  0.16218101E+01   0.14998574E+03   0.80155393E+02
  0.15848932E+01   0.13963088E+03   0.79958430E+02
  0.15488166E+01   0.12998444E+03   0.79757979E+02
  0.15135612E+01   0.12099853E+03   0.79554153E+02
  0.14791084E+01   0.11262846E+03   0.79347075E+02
  0.14454398E+01   0.10483255E+03   0.79136876E+02
  0.14125375E+01   0.97571870E+02   0.78923693E+02
  0.13803843E+01   0.90810133E+02   0.78707675E+02
  0.13489629E+01   0.84513463E+02   0.78488977E+02
  0.13182567E+01   0.78650255E+02   0.78267761E+02
  0.12882496E+01   0.73191023E+02   0.78044192E+02
  0.12589254E+01   0.68108259E+02   0.77818446E+02
  0.12302688E+01   0.63376301E+02   0.77590698E+02
  0.12022644E+01   0.58971208E+02   0.77361128E+02
  0.11748976E+01   0.54870650E+02   0.77129920E+02
  0.11481536E+01   0.51053799E+02   0.76897256E+02
  0.11220185E+01   0.47501229E+02   0.76663319E+02
  0.10964782E+01   0.44194821E+02   0.76428292E+02
  0.10715193E+01   0.41117681E+02   0.76192353E+02
  0.10471285E+01   0.38254056E+02   0.75955680E+02
  0.10232930E+01   0.35589256E+02   0.75718443E+02
  0.10000000E+01   0.33109587E+02   0.75480807E+02
  0.97723722E+00   0.30802285E+02   0.75242931E+02
  0.95499259E+00   0.28655450E+02   0.75004965E+02
  0.93325430E+00   0.26657994E+02   0.74767050E+02
  0.91201084E+00   0.24799582E+02   0.74529316E+02
  0.89125094E+00   0.23070585E+02   0.74291885E+02
  0.87096359E+00   0.21462031E+02   0.74054866E+02
  0.85113804E+00   0.19965565E+02   0.73818356E+02
  0.83176377E+00   0.18573400E+02   0.73582441E+02
  0.81283052E+00   0.17278289E+02   0.73347195E+02
  0.79432823E+00   0.16073480E+02   0.73112676E+02
  0.77624712E+00   0.14952687E+02   0.72878936E+02
  0.75857758E+00   0.13910060E+02   0.72646009E+02
  0.74131024E+00   0.12940149E+02   0.72413921E+02
  0.72443596E+00   0.12037887E+02   0.72182688E+02
  0.70794578E+00   0.11198555E+02   0.71952314E+02
  0.69183097E+00   0.10417762E+02   0.71722795E+02
  0.67608298E+00   0.96914231E+01   0.71494120E+02
  0.66069345E+00   0.90157377E+01   0.71266272E+02
  0.64565423E+00   0.83871703E+01   0.71039228E+02
  0.63095734E+00   0.78024319E+01   0.70812962E+02
  0.61659500E+00   0.72584636E+01   0.70587447E+02
  0.60255959E+00   0.67524201E+01   0.70362657E+02
  0.58884366E+00   0.62816553E+01   0.70138565E+02
  0.57543994E+00   0.58437082E+01   0.69915150E+02
  0.56234133E+00   0.54362900E+01   0.69692395E+02
  0.54954087E+00   0.50572725E+01   0.69470292E+02
  0.53703180E+00   0.47046760E+01   0.69248838E+02
  0.52480746E+00   0.43766598E+01   0.69028043E+02
  0.51286138E+00   0.40715118E+01   0.68807927E+02
  0.50118723E+00   0.37876399E+01   0.68588523E+02
  0.48977882E+00   0.35235629E+01   0.68369877E+02
  0.47863009E+00   0.32779034E+01   0.68152050E+02
  0.46773514E+00   0.30493800E+01   0.67935116E+02
  0.45708819E+00   0.28368007E+01   0.67719166E+02
  0.44668359E+00   0.26390566E+01   0.67504306E+02
  0.43651583E+00   0.24551159E+01   0.67290657E+02
  0.42657952E+00   0.22840185E+01   0.67078353E+02
  0.41686938E+00   0.21248712E+01   0.66867544E+02
  0.40738028E+00   0.19768425E+01   0.66658393E+02
  0.39810717E+00   0.18391588E+01   0.66451075E+02
  0.38904514E+00   0.17111000E+01   0.66245773E+02
  0.38018940E+00   0.15919959E+01   0.66042683E+02
  0.37153523E+00   0.14812224E+01   0.65842007E+02
  0.36307805E+00   0.13781990E+01   0.65643950E+02
  0.35481339E+00   0.12823849E+01   0.65448724E+02
  0.34673685E+00   0.11932770E+01   0.65256542E+02
  0.33884416E+00   0.11104068E+01   0.65067615E+02
  0.33113112E+00   0.10333382E+01   0.64882153E+02
  0.32359366E+00   0.96166523E+00   0.64700359E+02
  0.31622777E+00   0.89501012E+00   0.64522431E+02
  0.30902954E+00   0.83302116E+00   0.64348556E+02
  0.30199517E+00   0.77537105E+00   0.64178912E+02
  0.29512092E+00   0.72175519E+00   0.64013664E+02
  0.28840315E+00   0.67189013E+00   0.63852959E+02
  0.28183829E+00   0.62551214E+00   0.63696932E+02
  0.27542287E+00   0.58237588E+00   0.63545697E+02
  0.26915348E+00   0.54225308E+00   0.63399350E+02
  0.26302680E+00   0.50493149E+00   0.63257966E+02
  0.25703958E+00   0.47021365E+00   0.63121601E+02
  0.25118864E+00   0.43791600E+00   0.62990287E+02
  0.24547089E+00   0.40786786E+00   0.62864035E+02
  0.23988329E+00   0.37991055E+00   0.62742833E+02
  0.23442288E+00   0.35389660E+00   0.62626647E+02
  0.22908677E+00   0.32968894E+00   0.62515420E+02
  0.22387211E+00   0.30716021E+00   0.62409073E+02
  0.21877616E+00   0.28619208E+00   0.62307508E+02
  0.21379621E+00   0.26667459E+00   0.62210603E+02
  0.20892961E+00   0.24850562E+00   0.62118218E+02
  0.20417379E+00   0.23159031E+00   0.62030195E+02
  0.19952623E+00   0.21584054E+00   0.61946359E+02
  0.19498446E+00   0.20117449E+00   0.61866518E+02
  0.19054607E+00   0.18751616E+00   0.61790467E+02
  0.18620871E+00   0.17479499E+00   0.61717986E+02
  0.18197009E+00   0.16294543E+00   0.61648846E+02
  0.17782794E+00   0.15190663E+00   0.61582808E+02
  0.17378008E+00   0.14162206E+00   0.61519626E+02
  0.16982437E+00   0.13203925E+00   0.61459046E+02
  0.16595869E+00   0.12310944E+00   0.61400812E+02
  0.16218101E+00   0.11478735E+00   0.61344664E+02
  0.15848932E+00   0.10703092E+00   0.61290341E+02
  0.15488166E+00   0.99801086E-01   0.61237583E+02
  0.15135612E+00   0.93061537E-01   0.61186131E+02
  0.14791084E+00   0.86778539E-01   0.61135731E+02
  0.14454398E+00   0.80920739E-01   0.61086130E+02
  0.14125375E+00   0.75458995E-01   0.61037085E+02
  0.13803843E+00   0.70366209E-01   0.60988356E+02
  0.13489629E+00   0.65617187E-01   0.60939710E+02
  0.13182567E+00   0.61188497E-01   0.60890923E+02
  0.12882496E+00   0.57058340E-01   0.60841780E+02
  0.12589254E+00   0.53206436E-01   0.60792071E+02
  0.12302688E+00   0.49613909E-01   0.60741599E+02
  0.12022644E+00   0.46263193E-01   0.60690173E+02
  0.11748976E+00   0.43137931E-01   0.60637612E+02
  0.11481536E+00   0.40222894E-01   0.60583741E+02
  0.11220185E+00   0.37503898E-01   0.60528399E+02
  0.10964782E+00   0.34967731E-01   0.60471427E+02
  0.10715193E+00   0.32602080E-01   0.60412678E+02
  0.10471285E+00   0.30395477E-01   0.60352010E+02
  0.10232930E+00   0.28337229E-01   0.60289287E+02
  0.10000000E+00   0.26417370E-01   0.60224383E+02
