  0.10000000E-02  0.43652366E-05
  0.10232930E-02  0.45189355E-05
  0.10471285E-02  0.46780532E-05
  0.10715193E-02  0.48427812E-05
  0.10964782E-02  0.50133177E-05
  0.11220185E-02  0.51898680E-05
  0.11481536E-02  0.53726447E-05
  0.11748976E-02  0.55618679E-05
  0.12022644E-02  0.57577655E-05
  0.12302688E-02  0.59605736E-05
  0.12589254E-02  0.61705365E-05
  0.12882496E-02  0.63879073E-05
  0.13182567E-02  0.66129481E-05
  0.13489629E-02  0.68459304E-05
  0.13803843E-02  0.70871350E-05
  0.14125375E-02  0.73368531E-05
  0.14454398E-02  0.75953860E-05
  0.14791084E-02  0.78630458E-05
  0.15135612E-02  0.81401557E-05
  0.15488166E-02  0.84270504E-05
  0.15848932E-02  0.87240766E-05
  0.16218101E-02  0.90315932E-05
  0.16595869E-02  0.93499720E-05
  0.16982437E-02  0.96795979E-05
  0.17378008E-02  0.10020870E-04
  0.17782794E-02  0.10374200E-04
  0.18197009E-02  0.10740017E-04
  0.18620871E-02  0.11118764E-04
  0.19054607E-02  0.11510899E-04
  0.19498446E-02  0.11916897E-04
  0.19952623E-02  0.12337251E-04
  0.20417379E-02  0.12772470E-04
  0.20892961E-02  0.13223081E-04
  0.21379621E-02  0.13689633E-04
  0.21877616E-02  0.14172691E-04
  0.22387211E-02  0.14672842E-04
  0.22908677E-02  0.15190693E-04
  0.23442288E-02  0.15726874E-04
  0.23988329E-02  0.16282036E-04
  0.24547089E-02  0.16856856E-04
  0.25118864E-02  0.17452033E-04
  0.25703958E-02  0.18068291E-04
  0.26302680E-02  0.18706381E-04
  0.26915348E-02  0.19367080E-04
  0.27542287E-02  0.20051195E-04
  0.28183829E-02  0.20759559E-04
  0.28840315E-02  0.21493038E-04
  0.29512092E-02  0.22252526E-04
  0.30199517E-02  0.23038953E-04
  0.30902954E-02  0.23853279E-04
  0.31622777E-02  0.24696500E-04
  0.32359366E-02  0.25569648E-04
  0.33113112E-02  0.26473793E-04
  0.33884416E-02  0.27410042E-04
  0.34673685E-02  0.28379544E-04
  0.35481339E-02  0.29383487E-04
  0.36307805E-02  0.30423103E-04
  0.37153523E-02  0.31499671E-04
  0.38018940E-02  0.32614513E-04
  0.38904514E-02  0.33769000E-04
  0.39810717E-02  0.34964554E-04
  0.40738028E-02  0.36202646E-04
  0.41686938E-02  0.37484804E-04
  0.42657952E-02  0.38812609E-04
  0.43651583E-02  0.40187699E-04
  0.44668359E-02  0.41611774E-04
  0.45708819E-02  0.43086594E-04
  0.46773514E-02  0.44613984E-04
  0.47863009E-02  0.46195836E-04
  0.48977882E-02  0.47834110E-04
  0.50118723E-02  0.49530839E-04
  0.51286138E-02  0.51288130E-04
  0.52480746E-02  0.53108165E-04
  0.53703180E-02  0.54993209E-04
  0.54954087E-02  0.56945609E-04
  0.56234133E-02  0.58967799E-04
  0.57543994E-02  0.61062299E-04
  0.58884366E-02  0.63231727E-04
  0.60255959E-02  0.65478794E-04
  0.61659500E-02  0.67806310E-04
  0.63095734E-02  0.70217193E-04
  0.64565423E-02  0.72714464E-04
  0.66069345E-02  0.75301260E-04
  0.67608298E-02  0.77980831E-04
  0.69183097E-02  0.80756548E-04
  0.70794578E-02  0.83631908E-04
  0.72443596E-02  0.86610539E-04
  0.74131024E-02  0.89696201E-04
  0.75857758E-02  0.92892795E-04
  0.77624712E-02  0.96204370E-04
  0.79432823E-02  0.99635123E-04
  0.81283052E-02  0.10318941E-03
  0.83176377E-02  0.10687175E-03
  0.85113804E-02  0.11068682E-03
  0.87096359E-02  0.11463950E-03
  0.89125094E-02  0.11873483E-03
  0.91201084E-02  0.12297804E-03
  0.93325430E-02  0.12737457E-03
  0.95499259E-02  0.13193005E-03
  0.97723722E-02  0.13665035E-03
  0.10000000E-01  0.14154152E-03
  0.10232930E-01  0.14660987E-03
  0.10471285E-01  0.15186196E-03
  0.10715193E-01  0.15730456E-03
  0.10964782E-01  0.16294473E-03
  0.11220185E-01  0.16878978E-03
  0.11481536E-01  0.17484732E-03
  0.11748976E-01  0.18112523E-03
  0.12022644E-01  0.18763172E-03
  0.12302688E-01  0.19437527E-03
  0.12589254E-01  0.20136474E-03
  0.12882496E-01  0.20860929E-03
  0.13182567E-01  0.21611845E-03
  0.13489629E-01  0.22390212E-03
  0.13803843E-01  0.23197059E-03
  0.14125375E-01  0.24033452E-03
  0.14454398E-01  0.24900503E-03
  0.14791084E-01  0.25799364E-03
  0.15135612E-01  0.26731233E-03
  0.15488166E-01  0.27697354E-03
  0.15848932E-01  0.28699023E-03
  0.16218101E-01  0.29737582E-03
  0.16595869E-01  0.30814431E-03
  0.16982437E-01  0.31931021E-03
  0.17378008E-01  0.33088864E-03
  0.17782794E-01  0.34289529E-03
  0.18197009E-01  0.35534649E-03
  0.18620871E-01  0.36825922E-03
  0.19054607E-01  0.38165113E-03
  0.19498446E-01  0.39554059E-03
  0.19952623E-01  0.40994670E-03
  0.20417379E-01  0.42488932E-03
  0.20892961E-01  0.44038912E-03
  0.21379621E-01  0.45646762E-03
  0.21877616E-01  0.47314718E-03
  0.22387211E-01  0.49045110E-03
  0.22908677E-01  0.50840360E-03
  0.23442288E-01  0.52702992E-03
  0.23988329E-01  0.54635632E-03
  0.24547089E-01  0.56641013E-03
  0.25118864E-01  0.58721982E-03
  0.25703958E-01  0.60881503E-03
  0.26302680E-01  0.63122662E-03
  0.26915348E-01  0.65448676E-03
  0.27542287E-01  0.67862891E-03
  0.28183829E-01  0.70368799E-03
  0.28840315E-01  0.72970033E-03
  0.29512092E-01  0.75670382E-03
  0.30199517E-01  0.78473793E-03
  0.30902954E-01  0.81384382E-03
  0.31622777E-01  0.84406435E-03
  0.32359366E-01  0.87544427E-03
  0.33113112E-01  0.90803018E-03
  0.33884416E-01  0.94187070E-03
  0.34673685E-01  0.97701655E-03
  0.35481339E-01  0.10135206E-02
  0.36307805E-01  0.10514381E-02
  0.37153523E-01  0.10908265E-02
  0.38018940E-01  0.11317460E-02
  0.38904514E-01  0.11742592E-02
  0.39810717E-01  0.12184317E-02
  0.40738028E-01  0.12643316E-02
  0.41686938E-01  0.13120304E-02
  0.42657952E-01  0.13616026E-02
  0.43651583E-01  0.14131259E-02
  0.44668359E-01  0.14666817E-02
  0.45708819E-01  0.15223548E-02
  0.46773514E-01  0.15802339E-02
  0.47863009E-01  0.16404118E-02
  0.48977882E-01  0.17029853E-02
  0.50118723E-01  0.17680558E-02
  0.51286138E-01  0.18357292E-02
  0.52480746E-01  0.19061162E-02
  0.53703180E-01  0.19793326E-02
  0.54954087E-01  0.20554996E-02
  0.56234133E-01  0.21347440E-02
  0.57543994E-01  0.22171983E-02
  0.58884366E-01  0.23030015E-02
  0.60255959E-01  0.23922987E-02
  0.61659500E-01  0.24852421E-02
  0.63095734E-01  0.25819910E-02
  0.64565423E-01  0.26827121E-02
  0.66069345E-01  0.27875802E-02
  0.67608298E-01  0.28967782E-02
  0.69183097E-01  0.30104979E-02
  0.70794578E-01  0.31289403E-02
  0.72443596E-01  0.32523161E-02
  0.74131024E-01  0.33808459E-02
  0.75857758E-01  0.35147615E-02
  0.77624712E-01  0.36543056E-02
  0.79432823E-01  0.37997328E-02
  0.81283052E-01  0.39513105E-02
  0.83176377E-01  0.41093189E-02
  0.85113804E-01  0.42740523E-02
  0.87096359E-01  0.44458196E-02
  0.89125094E-01  0.46249449E-02
  0.91201084E-01  0.48117688E-02
  0.93325430E-01  0.50066489E-02
  0.95499259E-01  0.52099608E-02
  0.97723722E-01  0.54220991E-02
  0.10000000E+00  0.56434785E-02
  0.10232930E+00  0.58745349E-02
  0.10471285E+00  0.61157265E-02
  0.10715193E+00  0.63675351E-02
  0.10964782E+00  0.66304671E-02
  0.11220185E+00  0.69050557E-02
  0.11481536E+00  0.71918612E-02
  0.11748976E+00  0.74914736E-02
  0.12022644E+00  0.78045136E-02
  0.12302688E+00  0.81316347E-02
  0.12589254E+00  0.84735249E-02
  0.12882496E+00  0.88309084E-02
  0.13182567E+00  0.92045484E-02
  0.13489629E+00  0.95952485E-02
  0.13803843E+00  0.10003855E-01
  0.14125375E+00  0.10431262E-01
  0.14454398E+00  0.10878408E-01
  0.14791084E+00  0.11346285E-01
  0.15135612E+00  0.11835939E-01
  0.15488166E+00  0.12348472E-01
  0.15848932E+00  0.12885048E-01
  0.16218101E+00  0.13446892E-01
  0.16595869E+00  0.14035301E-01
  0.16982437E+00  0.14651640E-01
  0.17378008E+00  0.15297351E-01
  0.17782794E+00  0.15973957E-01
  0.18197009E+00  0.16683066E-01
  0.18620871E+00  0.17426377E-01
  0.19054607E+00  0.18205684E-01
  0.19498446E+00  0.19022881E-01
  0.19952623E+00  0.19879972E-01
  0.20417379E+00  0.20779075E-01
  0.20892961E+00  0.21722426E-01
  0.21379621E+00  0.22712393E-01
  0.21877616E+00  0.23751478E-01
  0.22387211E+00  0.24842328E-01
  0.22908677E+00  0.25987742E-01
  0.23442288E+00  0.27190683E-01
  0.23988329E+00  0.28454287E-01
  0.24547089E+00  0.29781872E-01
  0.25118864E+00  0.31176951E-01
  0.25703958E+00  0.32643242E-01
  0.26302680E+00  0.34184686E-01
  0.26915348E+00  0.35805454E-01
  0.27542287E+00  0.37509965E-01
  0.28183829E+00  0.39302903E-01
  0.28840315E+00  0.41189228E-01
  0.29512092E+00  0.43174201E-01
  0.30199517E+00  0.45263395E-01
  0.30902954E+00  0.47462722E-01
  0.31622777E+00  0.49778448E-01
  0.32359366E+00  0.52217222E-01
  0.33113112E+00  0.54786092E-01
  0.33884416E+00  0.57492540E-01
  0.34673685E+00  0.60344500E-01
  0.35481339E+00  0.63350396E-01
  0.36307805E+00  0.66519167E-01
  0.37153523E+00  0.69860301E-01
  0.38018940E+00  0.73383873E-01
  0.38904514E+00  0.77100580E-01
  0.39810717E+00  0.81021784E-01
  0.40738028E+00  0.85159551E-01
  0.41686938E+00  0.89526701E-01
  0.42657952E+00  0.94136853E-01
  0.43651583E+00  0.99004479E-01
  0.44668359E+00  0.10414496E+00
  0.45708819E+00  0.10957464E+00
  0.46773514E+00  0.11531091E+00
  0.47863009E+00  0.12137223E+00
  0.48977882E+00  0.12777826E+00
  0.50118723E+00  0.13454989E+00
  0.51286138E+00  0.14170935E+00
  0.52480746E+00  0.14928027E+00
  0.53703180E+00  0.15728779E+00
  0.54954087E+00  0.16575870E+00
  0.56234133E+00  0.17472145E+00
  0.57543994E+00  0.18420635E+00
  0.58884366E+00  0.19424567E+00
  0.60255959E+00  0.20487375E+00
  0.61659500E+00  0.21612713E+00
  0.63095734E+00  0.22804476E+00
  0.64565423E+00  0.24066808E+00
  0.66069345E+00  0.25404125E+00
  0.67608298E+00  0.26821128E+00
  0.69183097E+00  0.28322828E+00
  0.70794578E+00  0.29914561E+00
  0.72443596E+00  0.31602012E+00
  0.74131024E+00  0.33391242E+00
  0.75857758E+00  0.35288707E+00
  0.77624712E+00  0.37301290E+00
  0.79432823E+00  0.39436326E+00
  0.81283052E+00  0.41701635E+00
  0.83176377E+00  0.44105554E+00
  0.85113804E+00  0.46656972E+00
  0.87096359E+00  0.49365369E+00
  0.89125094E+00  0.52240851E+00
  0.91201084E+00  0.55294201E+00
  0.93325430E+00  0.58536916E+00
  0.95499259E+00  0.61981264E+00
  0.97723722E+00  0.65640328E+00
  0.10000000E+01  0.69528070E+00
  0.10232930E+01  0.73659386E+00
  0.10471285E+01  0.78050170E+00
  0.10715193E+01  0.82717384E+00
  0.10964782E+01  0.87679132E+00
  0.11220185E+01  0.92954735E+00
  0.11481536E+01  0.98564817E+00
  0.11748976E+01  0.10453140E+01
  0.12022644E+01  0.11087797E+01
  0.12302688E+01  0.11762964E+01
  0.12589254E+01  0.12481320E+01
  0.12882496E+01  0.13245725E+01
  0.13182567E+01  0.14059236E+01
  0.13489629E+01  0.14925113E+01
  0.13803843E+01  0.15846844E+01
  0.14125375E+01  0.16828148E+01
  0.14454398E+01  0.17873003E+01
  0.14791084E+01  0.18985655E+01
  0.15135612E+01  0.20170641E+01
  0.15488166E+01  0.21432809E+01
  0.15848932E+01  0.22777337E+01
  0.16218101E+01  0.24209759E+01
  0.16595869E+01  0.25735988E+01
  0.16982437E+01  0.27362343E+01
  0.17378008E+01  0.29095575E+01
  0.17782794E+01  0.30942903E+01
  0.18197009E+01  0.32912039E+01
  0.18620871E+01  0.35011227E+01
  0.19054607E+01  0.37249280E+01
  0.19498446E+01  0.39635617E+01
  0.19952623E+01  0.42180309E+01
  0.20417379E+01  0.44894121E+01
  0.20892961E+01  0.47788562E+01
  0.21379621E+01  0.50875938E+01
  0.21877616E+01  0.54169407E+01
  0.22387211E+01  0.57683037E+01
  0.22908677E+01  0.61431871E+01
  0.23442288E+01  0.65431997E+01
  0.23988329E+01  0.69700619E+01
  0.24547089E+01  0.74256135E+01
  0.25118864E+01  0.79118221E+01
  0.25703958E+01  0.84307923E+01
  0.26302680E+01  0.89847750E+01
  0.26915348E+01  0.95761779E+01
  0.27542287E+01  0.10207576E+02
  0.28183829E+01  0.10881725E+02
  0.28840315E+01  0.11601571E+02
  0.29512092E+01  0.12370268E+02
  0.30199517E+01  0.13191186E+02
  0.30902954E+01  0.14067936E+02
  0.31622777E+01  0.15004378E+02
  0.32359366E+01  0.16004641E+02
  0.33113112E+01  0.17073145E+02
  0.33884416E+01  0.18214619E+02
  0.34673685E+01  0.19434123E+02
  0.35481339E+01  0.20737071E+02
  0.36307805E+01  0.22129256E+02
  0.37153523E+01  0.23616878E+02
  0.38018940E+01  0.25206572E+02
  0.38904514E+01  0.26905440E+02
  0.39810717E+01  0.28721079E+02
  0.40738028E+01  0.30661622E+02
  0.41686938E+01  0.32735773E+02
  0.42657952E+01  0.34952849E+02
  0.43651583E+01  0.37322821E+02
  0.44668359E+01  0.39856360E+02
  0.45708819E+01  0.42564891E+02
  0.46773514E+01  0.45460640E+02
  0.47863009E+01  0.48556697E+02
  0.48977882E+01  0.51867072E+02
  0.50118723E+01  0.55406763E+02
  0.51286138E+01  0.59191826E+02
  0.52480746E+01  0.63239448E+02
  0.53703180E+01  0.67568028E+02
  0.54954087E+01  0.72197264E+02
  0.56234133E+01  0.77148244E+02
  0.57543994E+01  0.82443546E+02
  0.58884366E+01  0.88107340E+02
  0.60255959E+01  0.94165506E+02
  0.61659500E+01  0.10064575E+03
  0.63095734E+01  0.10757774E+03
  0.64565423E+01  0.11499323E+03
  0.66069345E+01  0.12292624E+03
  0.67608298E+01  0.13141319E+03
  0.69183097E+01  0.14049305E+03
  0.70794578E+01  0.15020758E+03
  0.72443596E+01  0.16060149E+03
  0.74131024E+01  0.17172265E+03
  0.75857758E+01  0.18362231E+03
  0.77624712E+01  0.19635538E+03
  0.79432823E+01  0.20998062E+03
  0.81283052E+01  0.22456098E+03
  0.83176377E+01  0.24016388E+03
  0.85113804E+01  0.25686149E+03
  0.87096359E+01  0.27473113E+03
  0.89125094E+01  0.29385557E+03
  0.91201084E+01  0.31432347E+03
  0.93325430E+01  0.33622978E+03
  0.95499259E+01  0.35967619E+03
  0.97723722E+01  0.38477161E+03
  0.10000000E+02  0.41163265E+03
  0.10232930E+02  0.44038423E+03
  0.10471285E+02  0.47116014E+03
  0.10715193E+02  0.50410366E+03
  0.10964782E+02  0.53936825E+03
  0.11220185E+02  0.57711827E+03
  0.11481536E+02  0.61752975E+03
  0.11748976E+02  0.66079126E+03
  0.12022644E+02  0.70710474E+03
  0.12302688E+02  0.75668650E+03
  0.12589254E+02  0.80976821E+03
  0.12882496E+02  0.86659803E+03
  0.13182567E+02  0.92744178E+03
  0.13489629E+02  0.99258414E+03
  0.13803843E+02  0.10623301E+04
  0.14125375E+02  0.11370063E+04
  0.14454398E+02  0.12169625E+04
  0.14791084E+02  0.13025737E+04
  0.15135612E+02  0.13942413E+04
  0.15488166E+02  0.14923953E+04
  0.15848932E+02  0.15974962E+04
  0.16218101E+02  0.17100377E+04
  0.16595869E+02  0.18305481E+04
  0.16982437E+02  0.19595938E+04
  0.17378008E+02  0.20977812E+04
  0.17782794E+02  0.22457600E+04
  0.18197009E+02  0.24042262E+04
  0.18620871E+02  0.25739254E+04
  0.19054607E+02  0.27556562E+04
  0.19498446E+02  0.29502741E+04
  0.19952623E+02  0.31586957E+04
  0.20417379E+02  0.33819028E+04
  0.20892961E+02  0.36209472E+04
  0.21379621E+02  0.38769556E+04
  0.21877616E+02  0.41511351E+04
  0.22387211E+02  0.44447787E+04
  0.22908677E+02  0.47592717E+04
  0.23442288E+02  0.50960981E+04
  0.23988329E+02  0.54568477E+04
  0.24547089E+02  0.58432236E+04
  0.25118864E+02  0.62570505E+04
  0.25703958E+02  0.67002831E+04
  0.26302680E+02  0.71750154E+04
  0.26915348E+02  0.76834909E+04
  0.27542287E+02  0.82281131E+04
  0.28183829E+02  0.88114568E+04
  0.28840315E+02  0.94362805E+04
  0.29512092E+02  0.10105540E+05
  0.30199517E+02  0.10822401E+05
  0.30902954E+02  0.11590255E+05
  0.31622777E+02  0.12412737E+05
  0.32359366E+02  0.13293740E+05
  0.33113112E+02  0.14237436E+05
  0.33884416E+02  0.15248293E+05
  0.34673685E+02  0.16331098E+05
  0.35481339E+02  0.17490982E+05
  0.36307805E+02  0.18733439E+05
  0.37153523E+02  0.20064358E+05
  0.38018940E+02  0.21490046E+05
  0.38904514E+02  0.23017262E+05
  0.39810717E+02  0.24653246E+05
  0.40738028E+02  0.26405756E+05
  0.41686938E+02  0.28283104E+05
  0.42657952E+02  0.30294193E+05
  0.43651583E+02  0.32448565E+05
  0.44668359E+02  0.34756440E+05
  0.45708819E+02  0.37228771E+05
  0.46773514E+02  0.39877291E+05
  0.47863009E+02  0.42714570E+05
  0.48977882E+02  0.45754079E+05
  0.50118723E+02  0.49010247E+05
  0.51286138E+02  0.52498536E+05
  0.52480746E+02  0.56235512E+05
  0.53703180E+02  0.60238922E+05
  0.54954087E+02  0.64527784E+05
  0.56234133E+02  0.69122471E+05
  0.57543994E+02  0.74044813E+05
  0.58884366E+02  0.79318199E+05
  0.60255959E+02  0.84967688E+05
  0.61659500E+02  0.91020129E+05
  0.63095734E+02  0.97504290E+05
  0.64565423E+02  0.10445099E+06
  0.66069345E+02  0.11189326E+06
  0.67608298E+02  0.11986648E+06
  0.69183097E+02  0.12840856E+06
  0.70794578E+02  0.13756013E+06
  0.72443596E+02  0.14736469E+06
  0.74131024E+02  0.15786889E+06
  0.75857758E+02  0.16912268E+06
  0.77624712E+02  0.18117960E+06
  0.79432823E+02  0.19409701E+06
  0.81283052E+02  0.20793636E+06
  0.83176377E+02  0.22276350E+06
  0.85113804E+02  0.23864899E+06
  0.87096359E+02  0.25566840E+06
  0.89125094E+02  0.27390275E+06
  0.91201084E+02  0.29343882E+06
  0.93325430E+02  0.31436958E+06
  0.95499259E+02  0.33679467E+06
  0.97723722E+02  0.36082084E+06
  0.10000000E+03  0.38656247E+06
  0.10232930E+03  0.41414211E+06
  0.10471285E+03  0.44369107E+06
  0.10715193E+03  0.47535005E+06
  0.10964782E+03  0.50926980E+06
  0.11220185E+03  0.54561184E+06
  0.11481536E+03  0.58454925E+06
  0.11748976E+03  0.62626747E+06
  0.12022644E+03  0.67096518E+06
  0.12302688E+03  0.71885529E+06
  0.12589254E+03  0.77016591E+06
  0.12882496E+03  0.82514145E+06
  0.13182567E+03  0.88404381E+06
  0.13489629E+03  0.94715359E+06
  0.13803843E+03  0.10147715E+07
  0.14125375E+03  0.10872196E+07
  0.14454398E+03  0.11648431E+07
  0.14791084E+03  0.12480120E+07
  0.15135612E+03  0.13371224E+07
  0.15488166E+03  0.14325990E+07
  0.15848932E+03  0.15348969E+07
  0.16218101E+03  0.16445034E+07
  0.16595869E+03  0.17619410E+07
  0.16982437E+03  0.18877694E+07
  0.17378008E+03  0.20225882E+07
  0.17782794E+03  0.21670401E+07
  0.18197009E+03  0.23218136E+07
  0.18620871E+03  0.24876464E+07
  0.19054607E+03  0.26653290E+07
  0.19498446E+03  0.28557084E+07
  0.19952623E+03  0.30596922E+07
  0.20417379E+03  0.32782528E+07
  0.20892961E+03  0.35124321E+07
  0.21379621E+03  0.37633466E+07
  0.21877616E+03  0.40321926E+07
  0.22387211E+03  0.43202519E+07
  0.22908677E+03  0.46288979E+07
  0.23442288E+03  0.49596022E+07
  0.23988329E+03  0.53139417E+07
  0.24547089E+03  0.56936060E+07
  0.25118864E+03  0.61004055E+07
  0.25703958E+03  0.65362800E+07
  0.26302680E+03  0.70033081E+07
  0.26915348E+03  0.75037169E+07
  0.27542287E+03  0.80398928E+07
  0.28183829E+03  0.86143928E+07
  0.28840315E+03  0.92299567E+07
  0.29512092E+03  0.98895202E+07
  0.30199517E+03  0.10596229E+08
  0.30902954E+03  0.11353454E+08
  0.31622777E+03  0.12164806E+08
  0.32359366E+03  0.13034155E+08
  0.33113112E+03  0.13965649E+08
  0.33884416E+03  0.14963729E+08
  0.34673685E+03  0.16033156E+08
  0.35481339E+03  0.17179032E+08
  0.36307805E+03  0.18406822E+08