  0.10116465E-02  0.15028356E+01
  0.10352108E-02  0.15029015E+01
  0.10593239E-02  0.15029690E+01
  0.10839988E-02  0.15030380E+01
  0.11092483E-02  0.15031086E+01
  0.11350860E-02  0.15031809E+01
  0.11615256E-02  0.15032549E+01
  0.11885810E-02  0.15033305E+01
  0.12162666E-02  0.15034079E+01
  0.12445971E-02  0.15034872E+01
  0.12735875E-02  0.15035682E+01
  0.13032531E-02  0.15036512E+01
  0.13336098E-02  0.15037360E+01
  0.13646736E-02  0.15038228E+01
  0.13964609E-02  0.15039117E+01
  0.14289887E-02  0.15040026E+01
  0.14622741E-02  0.15040956E+01
  0.14963348E-02  0.15041908E+01
  0.15311889E-02  0.15042881E+01
  0.15668549E-02  0.15043878E+01
  0.16033516E-02  0.15044897E+01
  0.16406985E-02  0.15045940E+01
  0.16789153E-02  0.15047007E+01
  0.17180222E-02  0.15048099E+01
  0.17580401E-02  0.15049216E+01
  0.17989901E-02  0.15050359E+01
  0.18408940E-02  0.15051528E+01
  0.18837739E-02  0.15052725E+01
  0.19276527E-02  0.15053949E+01
  0.19725535E-02  0.15055202E+01
  0.20185001E-02  0.15056483E+01
  0.20655170E-02  0.15057795E+01
  0.21136291E-02  0.15059136E+01
  0.21628619E-02  0.15060509E+01
  0.22132414E-02  0.15061913E+01
  0.22647944E-02  0.15063350E+01
  0.23175482E-02  0.15064820E+01
  0.23715309E-02  0.15066324E+01
  0.24267709E-02  0.15067863E+01
  0.24832977E-02  0.15069437E+01
  0.25411411E-02  0.15071048E+01
  0.26003319E-02  0.15072695E+01
  0.26609014E-02  0.15074381E+01
  0.27228818E-02  0.15076106E+01
  0.27863058E-02  0.15077871E+01
  0.28512072E-02  0.15079676E+01
  0.29176204E-02  0.15081523E+01
  0.29855805E-02  0.15083413E+01
  0.30551236E-02  0.15085346E+01
  0.31262865E-02  0.15087324E+01
  0.31991071E-02  0.15089347E+01
  0.32736239E-02  0.15091417E+01
  0.33498764E-02  0.15093535E+01
  0.34279050E-02  0.15095702E+01
  0.35077512E-02  0.15097918E+01
  0.35894572E-02  0.15100185E+01
  0.36730664E-02  0.15102505E+01
  0.37586231E-02  0.15104878E+01
  0.38461727E-02  0.15107305E+01
  0.39357616E-02  0.15109789E+01
  0.40274372E-02  0.15112329E+01
  0.41212483E-02  0.15114928E+01
  0.42172445E-02  0.15117587E+01
  0.43154768E-02  0.15120306E+01
  0.44159971E-02  0.15123088E+01
  0.45188589E-02  0.15125934E+01
  0.46241167E-02  0.15128846E+01
  0.47318262E-02  0.15131824E+01
  0.48420446E-02  0.15134870E+01
  0.49548303E-02  0.15137986E+01
  0.50702431E-02  0.15141173E+01
  0.51883442E-02  0.15144434E+01
  0.53091963E-02  0.15147769E+01
  0.54328634E-02  0.15151181E+01
  0.55594110E-02  0.15154670E+01
  0.56889063E-02  0.15158239E+01
  0.58214180E-02  0.15161890E+01
  0.59570162E-02  0.15165624E+01
  0.60957729E-02  0.15169444E+01
  0.62377617E-02  0.15173351E+01
  0.63830579E-02  0.15177346E+01
  0.65317384E-02  0.15181433E+01
  0.66838821E-02  0.15185613E+01
  0.68395697E-02  0.15189889E+01
  0.69988838E-02  0.15194261E+01
  0.71619087E-02  0.15198733E+01
  0.73287310E-02  0.15203307E+01
  0.74994391E-02  0.15207985E+01
  0.76741235E-02  0.15212769E+01
  0.78528768E-02  0.15217662E+01
  0.80357938E-02  0.15222665E+01
  0.82229714E-02  0.15227782E+01
  0.84145090E-02  0.15233016E+01
  0.86105081E-02  0.15238367E+01
  0.88110726E-02  0.15243840E+01
  0.90163089E-02  0.15249436E+01
  0.92263257E-02  0.15255159E+01
  0.94412344E-02  0.15261011E+01
  0.96611490E-02  0.15266996E+01
  0.98861861E-02  0.15273115E+01
  0.10116465E-01  0.15279372E+01
  0.10352108E-01  0.15285770E+01
  0.10593239E-01  0.15292312E+01
  0.10839988E-01  0.15299001E+01
  0.11092483E-01  0.15305840E+01
  0.11350860E-01  0.15312833E+01
  0.11615256E-01  0.15319982E+01
  0.11885810E-01  0.15327292E+01
  0.12162666E-01  0.15334765E+01
  0.12445971E-01  0.15342406E+01
  0.12735875E-01  0.15350217E+01
  0.13032531E-01  0.15358202E+01
  0.13336098E-01  0.15366365E+01
  0.13646736E-01  0.15374711E+01
  0.13964609E-01  0.15383241E+01
  0.14289887E-01  0.15391962E+01
  0.14622741E-01  0.15400876E+01
  0.14963348E-01  0.15409988E+01
  0.15311889E-01  0.15419301E+01
  0.15668549E-01  0.15428821E+01
  0.16033516E-01  0.15438551E+01
  0.16406985E-01  0.15448495E+01
  0.16789153E-01  0.15458659E+01
  0.17180222E-01  0.15469046E+01
  0.17580401E-01  0.15479662E+01
  0.17989901E-01  0.15490511E+01
  0.18408940E-01  0.15501598E+01
  0.18837739E-01  0.15512927E+01
  0.19276527E-01  0.15524504E+01
  0.19725535E-01  0.15536334E+01
  0.20185001E-01  0.15548421E+01
  0.20655170E-01  0.15560771E+01
  0.21136291E-01  0.15573390E+01
  0.21628619E-01  0.15586282E+01
  0.22132414E-01  0.15599453E+01
  0.22647944E-01  0.15612909E+01
  0.23175482E-01  0.15626655E+01
  0.23715309E-01  0.15640697E+01
  0.24267709E-01  0.15655041E+01
  0.24832977E-01  0.15669693E+01
  0.25411411E-01  0.15684658E+01
  0.26003319E-01  0.15699943E+01
  0.26609014E-01  0.15715554E+01
  0.27228818E-01  0.15731497E+01
  0.27863058E-01  0.15747779E+01
  0.28512072E-01  0.15764406E+01
  0.29176204E-01  0.15781384E+01
  0.29855805E-01  0.15798720E+01
  0.30551236E-01  0.15816420E+01
  0.31262865E-01  0.15834492E+01
  0.31991071E-01  0.15852943E+01
  0.32736239E-01  0.15871779E+01
  0.33498764E-01  0.15891007E+01
  0.34279050E-01  0.15910634E+01
  0.35077512E-01  0.15930668E+01
  0.35894572E-01  0.15951116E+01
  0.36730664E-01  0.15971985E+01
  0.37586231E-01  0.15993282E+01
  0.38461727E-01  0.16015016E+01
  0.39357616E-01  0.16037193E+01
  0.40274372E-01  0.16059821E+01
  0.41212483E-01  0.16082909E+01
  0.42172445E-01  0.16106462E+01
  0.43154768E-01  0.16130491E+01
  0.44159971E-01  0.16155001E+01
  0.45188589E-01  0.16180002E+01
  0.46241167E-01  0.16205501E+01
  0.47318262E-01  0.16231506E+01
  0.48420446E-01  0.16258026E+01
  0.49548303E-01  0.16285068E+01
  0.50702431E-01  0.16312640E+01
  0.51883442E-01  0.16340751E+01
  0.53091963E-01  0.16369409E+01
  0.54328634E-01  0.16398622E+01
  0.55594110E-01  0.16428399E+01
  0.56889063E-01  0.16458746E+01
  0.58214180E-01  0.16489674E+01
  0.59570162E-01  0.16521190E+01
  0.60957729E-01  0.16553301E+01
  0.62377617E-01  0.16586018E+01
  0.63830579E-01  0.16619346E+01
  0.65317384E-01  0.16653296E+01
  0.66838821E-01  0.16687874E+01
  0.68395697E-01  0.16723090E+01
  0.69988838E-01  0.16758950E+01
  0.71619087E-01  0.16795463E+01
  0.73287310E-01  0.16832637E+01
  0.74994391E-01  0.16870480E+01
  0.76741235E-01  0.16908999E+01
  0.78528768E-01  0.16948202E+01
  0.80357938E-01  0.16988096E+01
  0.82229714E-01  0.17028689E+01
  0.84145090E-01  0.17069988E+01
  0.86105081E-01  0.17112000E+01
  0.88110726E-01  0.17154732E+01
  0.90163089E-01  0.17198191E+01
  0.92263257E-01  0.17242384E+01
  0.94412344E-01  0.17287316E+01
  0.96611490E-01  0.17332995E+01
  0.98861861E-01  0.17379426E+01
  0.10116465E+00  0.17426614E+01
  0.10352108E+00  0.17474567E+01
  0.10593239E+00  0.17523288E+01
  0.10839988E+00  0.17572783E+01
  0.11092483E+00  0.17623056E+01
  0.11350860E+00  0.17674112E+01
  0.11615256E+00  0.17725956E+01
  0.11885810E+00  0.17778591E+01
  0.12162666E+00  0.17832020E+01
  0.12445971E+00  0.17886247E+01
  0.12735875E+00  0.17941274E+01
  0.13032531E+00  0.17997104E+01
  0.13336098E+00  0.18053739E+01
  0.13646736E+00  0.18111181E+01
  0.13964609E+00  0.18169430E+01
  0.14289887E+00  0.18228488E+01
  0.14622741E+00  0.18288355E+01
  0.14963348E+00  0.18349030E+01
  0.15311889E+00  0.18410514E+01
  0.15668549E+00  0.18472804E+01
  0.16033516E+00  0.18535900E+01
  0.16406985E+00  0.18599799E+01
  0.16789153E+00  0.18664499E+01
  0.17180222E+00  0.18729997E+01
  0.17580401E+00  0.18796288E+01
  0.17989901E+00  0.18863369E+01
  0.18408940E+00  0.18931235E+01
  0.18837739E+00  0.18999880E+01
  0.19276527E+00  0.19069299E+01
  0.19725535E+00  0.19139484E+01
  0.20185001E+00  0.19210430E+01
  0.20655170E+00  0.19282127E+01
  0.21136291E+00  0.19354568E+01
  0.21628619E+00  0.19427743E+01
  0.22132414E+00  0.19501643E+01
  0.22647944E+00  0.19576259E+01
  0.23175482E+00  0.19651578E+01
  0.23715309E+00  0.19727589E+01
  0.24267709E+00  0.19804281E+01
  0.24832977E+00  0.19881640E+01
  0.25411411E+00  0.19959654E+01
  0.26003319E+00  0.20038308E+01
  0.26609014E+00  0.20117588E+01
  0.27228818E+00  0.20197478E+01
  0.27863058E+00  0.20277963E+01
  0.28512072E+00  0.20359027E+01
  0.29176204E+00  0.20440652E+01
  0.29855805E+00  0.20522820E+01
  0.30551236E+00  0.20605515E+01
  0.31262865E+00  0.20688716E+01
  0.31991071E+00  0.20772406E+01
  0.32736239E+00  0.20856563E+01
  0.33498764E+00  0.20941169E+01
  0.34279050E+00  0.21026202E+01
  0.35077512E+00  0.21111641E+01
  0.35894572E+00  0.21197464E+01
  0.36730664E+00  0.21283650E+01
  0.37586231E+00  0.21370176E+01
  0.38461727E+00  0.21457019E+01
  0.39357616E+00  0.21544156E+01
  0.40274372E+00  0.21631563E+01
  0.41212483E+00  0.21719217E+01
  0.42172445E+00  0.21807093E+01
  0.43154768E+00  0.21895167E+01
  0.44159971E+00  0.21983415E+01
  0.45188589E+00  0.22071811E+01
  0.46241167E+00  0.22160330E+01
  0.47318262E+00  0.22248948E+01
  0.48420446E+00  0.22337639E+01
  0.49548303E+00  0.22426378E+01
  0.50702431E+00  0.22515139E+01
  0.51883442E+00  0.22603896E+01
  0.53091963E+00  0.22692625E+01
  0.54328634E+00  0.22781301E+01
  0.55594110E+00  0.22869896E+01
  0.56889063E+00  0.22958387E+01
  0.58214180E+00  0.23046749E+01
  0.59570162E+00  0.23134955E+01
  0.60957729E+00  0.23222982E+01
  0.62377617E+00  0.23310805E+01
  0.63830579E+00  0.23398399E+01
  0.65317384E+00  0.23485741E+01
  0.66838821E+00  0.23572806E+01
  0.68395697E+00  0.23659571E+01
  0.69988838E+00  0.23746013E+01
  0.71619087E+00  0.23832110E+01
  0.73287310E+00  0.23917838E+01
  0.74994391E+00  0.24003175E+01
  0.76741235E+00  0.24088101E+01
  0.78528768E+00  0.24172594E+01
  0.80357938E+00  0.24256634E+01
  0.82229714E+00  0.24340200E+01
  0.84145090E+00  0.24423272E+01
  0.86105081E+00  0.24505832E+01
  0.88110726E+00  0.24587861E+01
  0.90163089E+00  0.24669341E+01
  0.92263257E+00  0.24750255E+01
  0.94412344E+00  0.24830586E+01
  0.96611490E+00  0.24910317E+01
  0.98861861E+00  0.24989432E+01
  0.10116465E+01  0.25067917E+01
  0.10352108E+01  0.25145758E+01
  0.10593239E+01  0.25222940E+01
  0.10839988E+01  0.25299450E+01
  0.11092483E+01  0.25375275E+01
  0.11350860E+01  0.25450405E+01
  0.11615256E+01  0.25524826E+01
  0.11885810E+01  0.25598529E+01
  0.12162666E+01  0.25671503E+01
  0.12445971E+01  0.25743739E+01
  0.12735875E+01  0.25815228E+01
  0.13032531E+01  0.25885962E+01
  0.13336098E+01  0.25955933E+01
  0.13646736E+01  0.26025134E+01
  0.13964609E+01  0.26093559E+01
  0.14289887E+01  0.26161201E+01
  0.14622741E+01  0.26228057E+01
  0.14963348E+01  0.26294120E+01
  0.15311889E+01  0.26359387E+01
  0.15668549E+01  0.26423854E+01
  0.16033516E+01  0.26487519E+01
  0.16406985E+01  0.26550378E+01
  0.16789153E+01  0.26612430E+01
  0.17180222E+01  0.26673673E+01
  0.17580401E+01  0.26734107E+01
  0.17989901E+01  0.26793731E+01
  0.18408940E+01  0.26852545E+01
  0.18837739E+01  0.26910548E+01
  0.19276527E+01  0.26967744E+01
  0.19725535E+01  0.27024131E+01
  0.20185001E+01  0.27079714E+01
  0.20655170E+01  0.27134492E+01
  0.21136291E+01  0.27188470E+01
  0.21628619E+01  0.27241649E+01
  0.22132414E+01  0.27294034E+01
  0.22647944E+01  0.27345628E+01
  0.23175482E+01  0.27396434E+01
  0.23715309E+01  0.27446458E+01
  0.24267709E+01  0.27495702E+01
  0.24832977E+01  0.27544174E+01
  0.25411411E+01  0.27591877E+01
  0.26003319E+01  0.27638817E+01
  0.26609014E+01  0.27685000E+01
  0.27228818E+01  0.27730431E+01
  0.27863058E+01  0.27775117E+01
  0.28512072E+01  0.27819063E+01
  0.29176204E+01  0.27862278E+01
  0.29855805E+01  0.27904766E+01
  0.30551236E+01  0.27946535E+01
  0.31262865E+01  0.27987593E+01
  0.31991071E+01  0.28027945E+01
  0.32736239E+01  0.28067601E+01
  0.33498764E+01  0.28106566E+01
  0.34279050E+01  0.28144849E+01
  0.35077512E+01  0.28182457E+01
  0.35894572E+01  0.28219398E+01
  0.36730664E+01  0.28255680E+01
  0.37586231E+01  0.28291311E+01
  0.38461727E+01  0.28326299E+01
  0.39357616E+01  0.28360651E+01
  0.40274372E+01  0.28394377E+01
  0.41212483E+01  0.28427484E+01
  0.42172445E+01  0.28459980E+01
  0.43154768E+01  0.28491874E+01
  0.44159971E+01  0.28523174E+01
  0.45188589E+01  0.28553888E+01
  0.46241167E+01  0.28584024E+01
  0.47318262E+01  0.28613591E+01
  0.48420446E+01  0.28642596E+01
  0.49548303E+01  0.28671049E+01
  0.50702431E+01  0.28698957E+01
  0.51883442E+01  0.28726329E+01
  0.53091963E+01  0.28753173E+01
  0.54328634E+01  0.28779497E+01
  0.55594110E+01  0.28805308E+01
  0.56889063E+01  0.28830616E+01
  0.58214180E+01  0.28855428E+01
  0.59570162E+01  0.28879752E+01
  0.60957729E+01  0.28903596E+01
  0.62377617E+01  0.28926969E+01
  0.63830579E+01  0.28949876E+01
  0.65317384E+01  0.28972328E+01
  0.66838821E+01  0.28994330E+01
  0.68395697E+01  0.29015892E+01
  0.69988838E+01  0.29037019E+01
  0.71619087E+01  0.29057721E+01
  0.73287310E+01  0.29078004E+01
  0.74994391E+01  0.29097875E+01
  0.76741235E+01  0.29117342E+01
  0.78528768E+01  0.29136413E+01
  0.80357938E+01  0.29155093E+01
  0.82229714E+01  0.29173390E+01
  0.84145090E+01  0.29191311E+01
  0.86105081E+01  0.29208864E+01
  0.88110726E+01  0.29226053E+01
  0.90163089E+01  0.29242887E+01
  0.92263257E+01  0.29259372E+01
  0.94412344E+01  0.29275515E+01
  0.96611490E+01  0.29291321E+01
  0.98861861E+01  0.29306797E+01
  0.10116465E+02  0.29321949E+01
  0.10352108E+02  0.29336784E+01
  0.10593239E+02  0.29351307E+01
  0.10839988E+02  0.29365525E+01
  0.11092483E+02  0.29379443E+01
  0.11350860E+02  0.29393068E+01
  0.11615256E+02  0.29406404E+01
  0.11885810E+02  0.29419457E+01
  0.12162666E+02  0.29432234E+01
  0.12445971E+02  0.29444739E+01
  0.12735875E+02  0.29456977E+01
  0.13032531E+02  0.29468955E+01
  0.13336098E+02  0.29480677E+01
  0.13646736E+02  0.29492148E+01
  0.13964609E+02  0.29503374E+01
  0.14289887E+02  0.29514358E+01
  0.14622741E+02  0.29525107E+01
  0.14963348E+02  0.29535625E+01
  0.15311889E+02  0.29545916E+01
  0.15668549E+02  0.29555985E+01
  0.16033516E+02  0.29565836E+01
  0.16406985E+02  0.29575475E+01
  0.16789153E+02  0.29584905E+01
  0.17180222E+02  0.29594131E+01
  0.17580401E+02  0.29603157E+01
  0.17989901E+02  0.29611986E+01
  0.18408940E+02  0.29620624E+01
  0.18837739E+02  0.29629073E+01
  0.19276527E+02  0.29637339E+01
  0.19725535E+02  0.29645424E+01
  0.20185001E+02  0.29653333E+01
  0.20655170E+02  0.29661069E+01
  0.21136291E+02  0.29668635E+01
  0.21628619E+02  0.29676037E+01
  0.22132414E+02  0.29683275E+01
  0.22647944E+02  0.29690356E+01
  0.23175482E+02  0.29697280E+01
  0.23715309E+02  0.29704053E+01
  0.24267709E+02  0.29710676E+01
  0.24832977E+02  0.29717154E+01
  0.25411411E+02  0.29723490E+01
  0.26003319E+02  0.29729685E+01
  0.26609014E+02  0.29735744E+01
  0.27228818E+02  0.29741669E+01
  0.27863058E+02  0.29747464E+01
  0.28512072E+02  0.29753130E+01
  0.29176204E+02  0.29758671E+01
  0.29855805E+02  0.29764089E+01
  0.30551236E+02  0.29769388E+01
  0.31262865E+02  0.29774569E+01
  0.31991071E+02  0.29779635E+01
  0.32736239E+02  0.29784589E+01
  0.33498764E+02  0.29789432E+01
  0.34279050E+02  0.29794168E+01
  0.35077512E+02  0.29798799E+01
  0.35894572E+02  0.29803327E+01
  0.36730664E+02  0.29807754E+01
  0.37586231E+02  0.29812083E+01
  0.38461727E+02  0.29816315E+01
  0.39357616E+02  0.29820453E+01
  0.40274372E+02  0.29824498E+01
  0.41212483E+02  0.29828454E+01
  0.42172445E+02  0.29832321E+01
  0.43154768E+02  0.29836101E+01
  0.44159971E+02  0.29839798E+01
  0.45188589E+02  0.29843411E+01
  0.46241167E+02  0.29846944E+01
  0.47318262E+02  0.29850398E+01
  0.48420446E+02  0.29853775E+01
  0.49548303E+02  0.29857076E+01
  0.50702431E+02  0.29860303E+01
  0.51883442E+02  0.29863458E+01
  0.53091963E+02  0.29866542E+01
  0.54328634E+02  0.29869557E+01
  0.55594110E+02  0.29872504E+01
  0.56889063E+02  0.29875386E+01
  0.58214180E+02  0.29878202E+01
  0.59570162E+02  0.29880956E+01
  0.60957729E+02  0.29883647E+01
  0.62377617E+02  0.29886279E+01
  0.63830579E+02  0.29888851E+01
  0.65317384E+02  0.29891365E+01
  0.66838821E+02  0.29893823E+01
  0.68395697E+02  0.29896225E+01
  0.69988838E+02  0.29898573E+01
  0.71619087E+02  0.29900869E+01
  0.73287310E+02  0.29903113E+01
  0.74994391E+02  0.29905306E+01
  0.76741235E+02  0.29907450E+01
  0.78528768E+02  0.29909546E+01
  0.80357938E+02  0.29911595E+01
  0.82229714E+02  0.29913597E+01
  0.84145090E+02  0.29915554E+01
  0.86105081E+02  0.29917467E+01
  0.88110726E+02  0.29919337E+01
  0.90163089E+02  0.29921165E+01
  0.92263257E+02  0.29922951E+01
  0.94412344E+02  0.29924698E+01
  0.96611490E+02  0.29926405E+01
  0.98861861E+02  0.29928073E+01
  0.10116465E+03  0.29929703E+01
  0.10352108E+03  0.29931297E+01
  0.10593239E+03  0.29932855E+01
  0.10839988E+03  0.29934378E+01
  0.11092483E+03  0.29935866E+01
  0.11350860E+03  0.29937321E+01
  0.11615256E+03  0.29938742E+01
  0.11885810E+03  0.29940132E+01
  0.12162666E+03  0.29941490E+01
  0.12445971E+03  0.29942818E+01
  0.12735875E+03  0.29944115E+01
  0.13032531E+03  0.29945383E+01
  0.13336098E+03  0.29946623E+01
  0.13646736E+03  0.29947834E+01
  0.13964609E+03  0.29949018E+01
  0.14289887E+03  0.29950175E+01
  0.14622741E+03  0.29951306E+01
  0.14963348E+03  0.29952411E+01
  0.15311889E+03  0.29953492E+01
  0.15668549E+03  0.29954548E+01
  0.16033516E+03  0.29955580E+01
  0.16406985E+03  0.29956588E+01
  0.16789153E+03  0.29957574E+01
  0.17180222E+03  0.29958537E+01
  0.17580401E+03  0.29959479E+01
  0.17989901E+03  0.29960399E+01
  0.18408940E+03  0.29961299E+01
  0.18837739E+03  0.29962178E+01
  0.19276527E+03  0.29963037E+01
  0.19725535E+03  0.29963876E+01
  0.20185001E+03  0.29964697E+01
  0.20655170E+03  0.29965499E+01
  0.21136291E+03  0.29966283E+01
  0.21628619E+03  0.29967049E+01
  0.22132414E+03  0.29967798E+01
  0.22647944E+03  0.29968529E+01
  0.23175482E+03  0.29969244E+01
  0.23715309E+03  0.29969943E+01
  0.24267709E+03  0.29970626E+01
  0.24832977E+03  0.29971294E+01
  0.25411411E+03  0.29971946E+01
  0.26003319E+03  0.29972584E+01
  0.26609014E+03  0.29973207E+01
  0.27228818E+03  0.29973816E+01
  0.27863058E+03  0.29974411E+01
  0.28512072E+03  0.29974993E+01
  0.29176204E+03  0.29975561E+01
  0.29855805E+03  0.29976117E+01
  0.30551236E+03  0.29976660E+01
  0.31262865E+03  0.29977190E+01
  0.31991071E+03  0.29977709E+01
  0.32736239E+03  0.29978215E+01
  0.33498764E+03  0.29978711E+01
  0.34279050E+03  0.29979195E+01
  0.35077512E+03  0.29979668E+01
  0.35894572E+03  0.29980130E+01