  0.10000000E-02  0.15439282E-02
  0.10232930E-02  0.15619862E-02
  0.10471285E-02  0.15802596E-02
  0.10715193E-02  0.15987513E-02
  0.10964782E-02  0.16174638E-02
  0.11220185E-02  0.16364001E-02
  0.11481536E-02  0.16555629E-02
  0.11748976E-02  0.16749551E-02
  0.12022644E-02  0.16945798E-02
  0.12302688E-02  0.17144398E-02
  0.12589254E-02  0.17345381E-02
  0.12882496E-02  0.17548778E-02
  0.13182567E-02  0.17754620E-02
  0.13489629E-02  0.17962939E-02
  0.13803843E-02  0.18173766E-02
  0.14125375E-02  0.18387134E-02
  0.14454398E-02  0.18603076E-02
  0.14791084E-02  0.18821625E-02
  0.15135612E-02  0.19042815E-02
  0.15488166E-02  0.19266682E-02
  0.15848932E-02  0.19493259E-02
  0.16218101E-02  0.19722582E-02
  0.16595869E-02  0.19954688E-02
  0.16982437E-02  0.20189613E-02
  0.17378008E-02  0.20427395E-02
  0.17782794E-02  0.20668071E-02
  0.18197009E-02  0.20911681E-02
  0.18620871E-02  0.21158262E-02
  0.19054607E-02  0.21407855E-02
  0.19498446E-02  0.21660500E-02
  0.19952623E-02  0.21916239E-02
  0.20417379E-02  0.22175113E-02
  0.20892961E-02  0.22437164E-02
  0.21379621E-02  0.22702437E-02
  0.21877616E-02  0.22970973E-02
  0.22387211E-02  0.23242820E-02
  0.22908677E-02  0.23518020E-02
  0.23442288E-02  0.23796622E-02
  0.23988329E-02  0.24078672E-02
  0.24547089E-02  0.24364217E-02
  0.25118864E-02  0.24653307E-02
  0.25703958E-02  0.24945990E-02
  0.26302680E-02  0.25242317E-02
  0.26915348E-02  0.25542340E-02
  0.27542287E-02  0.25846111E-02
  0.28183829E-02  0.26153682E-02
  0.28840315E-02  0.26465108E-02
  0.29512092E-02  0.26780443E-02
  0.30199517E-02  0.27099745E-02
  0.30902954E-02  0.27423069E-02
  0.31622777E-02  0.27750475E-02
  0.32359366E-02  0.28082020E-02
  0.33113112E-02  0.28417767E-02
  0.33884416E-02  0.28757776E-02
  0.34673685E-02  0.29102110E-02
  0.35481339E-02  0.29450833E-02
  0.36307805E-02  0.29804010E-02
  0.37153523E-02  0.30161707E-02
  0.38018940E-02  0.30523993E-02
  0.38904514E-02  0.30890935E-02
  0.39810717E-02  0.31262605E-02
  0.40738028E-02  0.31639075E-02
  0.41686938E-02  0.32020417E-02
  0.42657952E-02  0.32406707E-02
  0.43651583E-02  0.32798020E-02
  0.44668359E-02  0.33194436E-02
  0.45708819E-02  0.33596032E-02
  0.46773514E-02  0.34002890E-02
  0.47863009E-02  0.34415094E-02
  0.48977882E-02  0.34832727E-02
  0.50118723E-02  0.35255876E-02
  0.51286138E-02  0.35684629E-02
  0.52480746E-02  0.36119077E-02
  0.53703180E-02  0.36559312E-02
  0.54954087E-02  0.37005427E-02
  0.56234133E-02  0.37457519E-02
  0.57543994E-02  0.37915686E-02
  0.58884366E-02  0.38380029E-02
  0.60255959E-02  0.38850651E-02
  0.61659500E-02  0.39327656E-02
  0.63095734E-02  0.39811153E-02
  0.64565423E-02  0.40301251E-02
  0.66069345E-02  0.40798062E-02
  0.67608298E-02  0.41301703E-02
  0.69183097E-02  0.41812291E-02
  0.70794578E-02  0.42329947E-02
  0.72443596E-02  0.42854794E-02
  0.74131024E-02  0.43386958E-02
  0.75857758E-02  0.43926570E-02
  0.77624712E-02  0.44473762E-02
  0.79432823E-02  0.45028671E-02
  0.81283052E-02  0.45591434E-02
  0.83176377E-02  0.46162196E-02
  0.85113804E-02  0.46741103E-02
  0.87096359E-02  0.47328304E-02
  0.89125094E-02  0.47923954E-02
  0.91201084E-02  0.48528211E-02
  0.93325430E-02  0.49141235E-02
  0.95499259E-02  0.49763194E-02
  0.97723722E-02  0.50394258E-02
  0.10000000E-01  0.51034601E-02
  0.10232930E-01  0.51684403E-02
  0.10471285E-01  0.52343848E-02
  0.10715193E-01  0.53013125E-02
  0.10964782E-01  0.53692429E-02
  0.11220185E-01  0.54381959E-02
  0.11481536E-01  0.55081920E-02
  0.11748976E-01  0.55792522E-02
  0.12022644E-01  0.56513982E-02
  0.12302688E-01  0.57246523E-02
  0.12589254E-01  0.57990373E-02
  0.12882496E-01  0.58745767E-02
  0.13182567E-01  0.59512946E-02
  0.13489629E-01  0.60292161E-02
  0.13803843E-01  0.61083665E-02
  0.14125375E-01  0.61887723E-02
  0.14454398E-01  0.62704606E-02
  0.14791084E-01  0.63534591E-02
  0.15135612E-01  0.64377967E-02
  0.15488166E-01  0.65235029E-02
  0.15848932E-01  0.66106081E-02
  0.16218101E-01  0.66991436E-02
  0.16595869E-01  0.67891418E-02
  0.16982437E-01  0.68806360E-02
  0.17378008E-01  0.69736603E-02
  0.17782794E-01  0.70682502E-02
  0.18197009E-01  0.71644422E-02
  0.18620871E-01  0.72622737E-02
  0.19054607E-01  0.73617836E-02
  0.19498446E-01  0.74630118E-02
  0.19952623E-01  0.75659996E-02
  0.20417379E-01  0.76707896E-02
  0.20892961E-01  0.77774255E-02
  0.21379621E-01  0.78859529E-02
  0.21877616E-01  0.79964185E-02
  0.22387211E-01  0.81088706E-02
  0.22908677E-01  0.82233593E-02
  0.23442288E-01  0.83399359E-02
  0.23988329E-01  0.84586540E-02
  0.24547089E-01  0.85795684E-02
  0.25118864E-01  0.87027362E-02
  0.25703958E-01  0.88282161E-02
  0.26302680E-01  0.89560691E-02
  0.26915348E-01  0.90863580E-02
  0.27542287E-01  0.92191480E-02
  0.28183829E-01  0.93545063E-02
  0.28840315E-01  0.94925026E-02
  0.29512092E-01  0.96332091E-02
  0.30199517E-01  0.97767004E-02
  0.30902954E-01  0.99230537E-02
  0.31622777E-01  0.10072349E-01
  0.32359366E-01  0.10224669E-01
  0.33113112E-01  0.10380101E-01
  0.33884416E-01  0.10538732E-01
  0.34673685E-01  0.10700654E-01
  0.35481339E-01  0.10865965E-01
  0.36307805E-01  0.11034762E-01
  0.37153523E-01  0.11207148E-01
  0.38018940E-01  0.11383230E-01
  0.38904514E-01  0.11563119E-01
  0.39810717E-01  0.11746928E-01
  0.40738028E-01  0.11934778E-01
  0.41686938E-01  0.12126790E-01
  0.42657952E-01  0.12323095E-01
  0.43651583E-01  0.12523824E-01
  0.44668359E-01  0.12729116E-01
  0.45708819E-01  0.12939115E-01
  0.46773514E-01  0.13153969E-01
  0.47863009E-01  0.13373834E-01
  0.48977882E-01  0.13598870E-01
  0.50118723E-01  0.13829246E-01
  0.51286138E-01  0.14065136E-01
  0.52480746E-01  0.14306719E-01
  0.53703180E-01  0.14554186E-01
  0.54954087E-01  0.14807731E-01
  0.56234133E-01  0.15067559E-01
  0.57543994E-01  0.15333882E-01
  0.58884366E-01  0.15606921E-01
  0.60255959E-01  0.15886906E-01
  0.61659500E-01  0.16174076E-01
  0.63095734E-01  0.16468681E-01
  0.64565423E-01  0.16770981E-01
  0.66069345E-01  0.17081247E-01
  0.67608298E-01  0.17399762E-01
  0.69183097E-01  0.17726820E-01
  0.70794578E-01  0.18062727E-01
  0.72443596E-01  0.18407805E-01
  0.74131024E-01  0.18762386E-01
  0.75857758E-01  0.19126820E-01
  0.77624712E-01  0.19501470E-01
  0.79432823E-01  0.19886716E-01
  0.81283052E-01  0.20282955E-01
  0.83176377E-01  0.20690599E-01
  0.85113804E-01  0.21110083E-01
  0.87096359E-01  0.21541856E-01
  0.89125094E-01  0.21986391E-01
  0.91201084E-01  0.22444182E-01
  0.93325430E-01  0.22915745E-01
  0.95499259E-01  0.23401617E-01
  0.97723722E-01  0.23902364E-01
  0.10000000E+00  0.24418576E-01
  0.10232930E+00  0.24950868E-01
  0.10471285E+00  0.25499889E-01
  0.10715193E+00  0.26066313E-01
  0.10964782E+00  0.26650849E-01
  0.11220185E+00  0.27254238E-01
  0.11481536E+00  0.27877257E-01
  0.11748976E+00  0.28520719E-01
  0.12022644E+00  0.29185477E-01
  0.12302688E+00  0.29872424E-01
  0.12589254E+00  0.30582498E-01
  0.12882496E+00  0.31316681E-01
  0.13182567E+00  0.32076002E-01
  0.13489629E+00  0.32861544E-01
  0.13803843E+00  0.33674441E-01
  0.14125375E+00  0.34515882E-01
  0.14454398E+00  0.35387118E-01
  0.14791084E+00  0.36289460E-01
  0.15135612E+00  0.37224286E-01
  0.15488166E+00  0.38193045E-01
  0.15848932E+00  0.39197257E-01
  0.16218101E+00  0.40238520E-01
  0.16595869E+00  0.41318515E-01
  0.16982437E+00  0.42439007E-01
  0.17378008E+00  0.43601855E-01
  0.17782794E+00  0.44809012E-01
  0.18197009E+00  0.46062533E-01
  0.18620871E+00  0.47364583E-01
  0.19054607E+00  0.48717437E-01
  0.19498446E+00  0.50123493E-01
  0.19952623E+00  0.51585274E-01
  0.20417379E+00  0.53105438E-01
  0.20892961E+00  0.54686785E-01
  0.21379621E+00  0.56332265E-01
  0.21877616E+00  0.58044988E-01
  0.22387211E+00  0.59828232E-01
  0.22908677E+00  0.61685450E-01
  0.23442288E+00  0.63620289E-01
  0.23988329E+00  0.65636590E-01
  0.24547089E+00  0.67738409E-01
  0.25118864E+00  0.69930024E-01
  0.25703958E+00  0.72215952E-01
  0.26302680E+00  0.74600960E-01
  0.26915348E+00  0.77090080E-01
  0.27542287E+00  0.79688629E-01
  0.28183829E+00  0.82402221E-01
  0.28840315E+00  0.85236788E-01
  0.29512092E+00  0.88198599E-01
  0.30199517E+00  0.91294278E-01
  0.30902954E+00  0.94530830E-01
  0.31622777E+00  0.97915659E-01
  0.32359366E+00  0.10145660E+00
  0.33113112E+00  0.10516193E+00
  0.33884416E+00  0.10904041E+00
  0.34673685E+00  0.11310132E+00
  0.35481339E+00  0.11735448E+00
  0.36307805E+00  0.12181027E+00
  0.37153523E+00  0.12647968E+00
  0.38018940E+00  0.13137437E+00
  0.38904514E+00  0.13650667E+00
  0.39810717E+00  0.14188965E+00
  0.40738028E+00  0.14753716E+00
  0.41686938E+00  0.15346385E+00
  0.42657952E+00  0.15968530E+00
  0.43651583E+00  0.16621797E+00
  0.44668359E+00  0.17307934E+00
  0.45708819E+00  0.18028795E+00
  0.46773514E+00  0.18786346E+00
  0.47863009E+00  0.19582671E+00
  0.48977882E+00  0.20419983E+00
  0.50118723E+00  0.21300629E+00
  0.51286138E+00  0.22227101E+00
  0.52480746E+00  0.23202043E+00
  0.53703180E+00  0.24228263E+00
  0.54954087E+00  0.25308742E+00
  0.56234133E+00  0.26446645E+00
  0.57543994E+00  0.27645337E+00
  0.58884366E+00  0.28908388E+00
  0.60255959E+00  0.30239595E+00
  0.61659500E+00  0.31642989E+00
  0.63095734E+00  0.33122857E+00
  0.64565423E+00  0.34683756E+00
  0.66069345E+00  0.36330527E+00
  0.67608298E+00  0.38068321E+00
  0.69183097E+00  0.39902613E+00
  0.70794578E+00  0.41839227E+00
  0.72443596E+00  0.43884357E+00
  0.74131024E+00  0.46044592E+00
  0.75857758E+00  0.48326943E+00
  0.77624712E+00  0.50738870E+00
  0.79432823E+00  0.53288313E+00
  0.81283052E+00  0.55983721E+00
  0.83176377E+00  0.58834089E+00
  0.85113804E+00  0.61848994E+00
  0.87096359E+00  0.65038631E+00
  0.89125094E+00  0.68413857E+00
  0.91201084E+00  0.71986236E+00
  0.93325430E+00  0.75768083E+00
  0.95499259E+00  0.79772518E+00
  0.97723722E+00  0.84013517E+00
  0.10000000E+01  0.88505972E+00
  0.10232930E+01  0.93265752E+00
  0.10471285E+01  0.98309767E+00
  0.10715193E+01  0.10365604E+01
  0.10964782E+01  0.10932379E+01
  0.11220185E+01  0.11533348E+01
  0.11481536E+01  0.12170697E+01
  0.11748976E+01  0.12846752E+01
  0.12022644E+01  0.13563996E+01
  0.12302688E+01  0.14325078E+01
  0.12589254E+01  0.15132820E+01
  0.12882496E+01  0.15990235E+01
  0.13182567E+01  0.16900534E+01
  0.13489629E+01  0.17867147E+01
  0.13803843E+01  0.18893730E+01
  0.14125375E+01  0.19984186E+01
  0.14454398E+01  0.21142677E+01
  0.14791084E+01  0.22373648E+01
  0.15135612E+01  0.23681841E+01
  0.15488166E+01  0.25072320E+01
  0.15848932E+01  0.26550486E+01
  0.16218101E+01  0.28122110E+01
  0.16595869E+01  0.29793350E+01
  0.16982437E+01  0.31570781E+01
  0.17378008E+01  0.33461425E+01
  0.17782794E+01  0.35472779E+01
  0.18197009E+01  0.37612850E+01
  0.18620871E+01  0.39890189E+01
  0.19054607E+01  0.42313930E+01
  0.19498446E+01  0.44893828E+01
  0.19952623E+01  0.47640305E+01
  0.20417379E+01  0.50564493E+01
  0.20892961E+01  0.53678286E+01
  0.21379621E+01  0.56994392E+01
  0.21877616E+01  0.60526387E+01
  0.22387211E+01  0.64288779E+01
  0.22908677E+01  0.68297073E+01
  0.23442288E+01  0.72567836E+01
  0.23988329E+01  0.77118774E+01
  0.24547089E+01  0.81968811E+01
  0.25118864E+01  0.87138175E+01
  0.25703958E+01  0.92648487E+01
  0.26302680E+01  0.98522858E+01
  0.26915348E+01  0.10478599E+02
  0.27542287E+01  0.11146431E+02
  0.28183829E+01  0.11858603E+02
  0.28840315E+01  0.12618137E+02
  0.29512092E+01  0.13428259E+02
  0.30199517E+01  0.14292422E+02
  0.30902954E+01  0.15214315E+02
  0.31622777E+01  0.16197887E+02
  0.32359366E+01  0.17247357E+02
  0.33113112E+01  0.18367241E+02
  0.33884416E+01  0.19562364E+02
  0.34673685E+01  0.20837891E+02
  0.35481339E+01  0.22199344E+02
  0.36307805E+01  0.23652631E+02
  0.37153523E+01  0.25204069E+02
  0.38018940E+01  0.26860418E+02
  0.38904514E+01  0.28628907E+02
  0.39810717E+01  0.30517273E+02
  0.40738028E+01  0.32533789E+02
  0.41686938E+01  0.34687309E+02
  0.42657952E+01  0.36987305E+02
  0.43651583E+01  0.39443910E+02
  0.44668359E+01  0.42067967E+02
  0.45708819E+01  0.44871079E+02
  0.46773514E+01  0.47865659E+02
  0.47863009E+01  0.51064992E+02
  0.48977882E+01  0.54483293E+02
  0.50118723E+01  0.58135775E+02
  0.51286138E+01  0.62038716E+02
  0.52480746E+01  0.66209538E+02
  0.53703180E+01  0.70666887E+02
  0.54954087E+01  0.75430717E+02
  0.56234133E+01  0.80522386E+02
  0.57543994E+01  0.85964751E+02
  0.58884366E+01  0.91782278E+02
  0.60255959E+01  0.98001155E+02
  0.61659500E+01  0.10464941E+03
  0.63095734E+01  0.11175705E+03
  0.64565423E+01  0.11935619E+03
  0.66069345E+01  0.12748120E+03
  0.67608298E+01  0.13616890E+03
  0.69183097E+01  0.14545867E+03
  0.70794578E+01  0.15539269E+03
  0.72443596E+01  0.16601612E+03
  0.74131024E+01  0.17737727E+03
  0.75857758E+01  0.18952791E+03
  0.77624712E+01  0.20252344E+03
  0.79432823E+01  0.21642316E+03
  0.81283052E+01  0.23129058E+03
  0.83176377E+01  0.24719369E+03
  0.85113804E+01  0.26420529E+03
  0.87096359E+01  0.28240332E+03
  0.89125094E+01  0.30187124E+03
  0.91201084E+01  0.32269840E+03
  0.93325430E+01  0.34498050E+03
  0.95499259E+01  0.36881998E+03
  0.97723722E+01  0.39432656E+03
  0.10000000E+02  0.42161770E+03
  0.10232930E+02  0.45081920E+03
  0.10471285E+02  0.48206577E+03
  0.10715193E+02  0.51550165E+03
  0.10964782E+02  0.55128132E+03
  0.11220185E+02  0.58957020E+03
  0.11481536E+02  0.63054544E+03
  0.11748976E+02  0.67439675E+03
  0.12022644E+02  0.72132729E+03
  0.12302688E+02  0.77155465E+03
  0.12589254E+02  0.82531183E+03
  0.12882496E+02  0.88284839E+03
  0.13182567E+02  0.94443160E+03
  0.13489629E+02  0.10103477E+04
  0.13803843E+02  0.10809032E+04
  0.14125375E+02  0.11564265E+04
  0.14454398E+02  0.12372691E+04
  0.14791084E+02  0.13238078E+04
  0.15135612E+02  0.14164459E+04
  0.15488166E+02  0.15156155E+04
  0.15848932E+02  0.16217792E+04
  0.16218101E+02  0.17354328E+04
  0.16595869E+02  0.18571071E+04
  0.16982437E+02  0.19873706E+04
  0.17378008E+02  0.21268326E+04
  0.17782794E+02  0.22761452E+04
  0.18197009E+02  0.24360073E+04
  0.18620871E+02  0.26071673E+04
  0.19054607E+02  0.27904269E+04
  0.19498446E+02  0.29866449E+04
  0.19952623E+02  0.31967411E+04
  0.20417379E+02  0.34217007E+04
  0.20892961E+02  0.36625794E+04
  0.21379621E+02  0.39205075E+04
  0.21877616E+02  0.41966962E+04
  0.22387211E+02  0.44924428E+04
  0.22908677E+02  0.48091369E+04
  0.23442288E+02  0.51482670E+04
  0.23988329E+02  0.55114279E+04
  0.24547089E+02  0.59003276E+04
  0.25118864E+02  0.63167962E+04
  0.25703958E+02  0.67627938E+04
  0.26302680E+02  0.72404202E+04
  0.26915348E+02  0.77519251E+04
  0.27542287E+02  0.82997182E+04
  0.28183829E+02  0.88863810E+04
  0.28840315E+02  0.95146791E+04
  0.29512092E+02  0.10187575E+05
  0.30199517E+02  0.10908243E+05
  0.30902954E+02  0.11680082E+05
  0.31622777E+02  0.12506735E+05
  0.32359366E+02  0.13392105E+05
  0.33113112E+02  0.14340371E+05
  0.33884416E+02  0.15356012E+05
  0.34673685E+02  0.16443826E+05
  0.35481339E+02  0.17608953E+05
  0.36307805E+02  0.18856899E+05
  0.37153523E+02  0.20193563E+05
  0.38018940E+02  0.21625266E+05
  0.38904514E+02  0.23158778E+05
  0.39810717E+02  0.24801354E+05
  0.40738028E+02  0.26560764E+05
  0.41686938E+02  0.28445335E+05
  0.42657952E+02  0.30463987E+05
  0.43651583E+02  0.32626275E+05
  0.44668359E+02  0.34942438E+05
  0.45708819E+02  0.37423445E+05
  0.46773514E+02  0.40081048E+05
  0.47863009E+02  0.42927836E+05
  0.48977882E+02  0.45977300E+05
  0.50118723E+02  0.49243890E+05
  0.51286138E+02  0.52743090E+05
  0.52480746E+02  0.56491489E+05
  0.53703180E+02  0.60506858E+05
  0.54954087E+02  0.64808240E+05
  0.56234133E+02  0.69416034E+05
  0.57543994E+02  0.74352099E+05
  0.58884366E+02  0.79639852E+05
  0.60255959E+02  0.85304382E+05
  0.61659500E+02  0.91372570E+05
  0.63095734E+02  0.97873218E+05
  0.64565423E+02  0.10483718E+06
  0.66069345E+02  0.11229752E+06
  0.67608298E+02  0.12028966E+06
  0.69183097E+02  0.12885155E+06
  0.70794578E+02  0.13802385E+06
  0.72443596E+02  0.14785013E+06
  0.74131024E+02  0.15837706E+06
  0.75857758E+02  0.16965466E+06
  0.77624712E+02  0.18173650E+06
  0.79432823E+02  0.19468000E+06
  0.81283052E+02  0.20854667E+06
  0.83176377E+02  0.22340241E+06
  0.85113804E+02  0.23931783E+06
  0.87096359E+02  0.25636860E+06
  0.89125094E+02  0.27463578E+06
  0.91201084E+02  0.29420621E+06
  0.93325430E+02  0.31517296E+06
  0.95499259E+02  0.33763573E+06
  0.97723722E+02  0.36170134E+06
  0.10000000E+03  0.38748428E+06
  0.10232930E+03  0.41510716E+06
  0.10471285E+03  0.44470140E+06
  0.10715193E+03  0.47640778E+06
  0.10964782E+03  0.51037717E+06
  0.11220185E+03  0.54677118E+06
  0.11481536E+03  0.58576300E+06
  0.11748976E+03  0.62753819E+06
  0.12022644E+03  0.67229556E+06
  0.12302688E+03  0.72024813E+06
  0.12589254E+03  0.77162414E+06
  0.12882496E+03  0.82666816E+06
  0.13182567E+03  0.88564222E+06
  0.13489629E+03  0.94882706E+06
  0.13803843E+03  0.10165235E+07
  0.14125375E+03  0.10890539E+07
  0.14454398E+03  0.11667637E+07
  0.14791084E+03  0.12500227E+07
  0.15135612E+03  0.13392276E+07
  0.15488166E+03  0.14348032E+07
  0.15848932E+03  0.15372046E+07
  0.16218101E+03  0.16469196E+07
  0.16595869E+03  0.17644707E+07
  0.16982437E+03  0.18904180E+07
  0.17378008E+03  0.20253613E+07
  0.17782794E+03  0.21699436E+07
  0.18197009E+03  0.23248535E+07
  0.18620871E+03  0.24908292E+07
  0.19054607E+03  0.26686615E+07
  0.19498446E+03  0.28591976E+07
  0.19952623E+03  0.30633454E+07
  0.20417379E+03  0.32820777E+07
  0.20892961E+03  0.35164369E+07
  0.21379621E+03  0.37675398E+07
  0.21877616E+03  0.40365829E+07
  0.22387211E+03  0.43248487E+07
  0.22908677E+03  0.46337108E+07
  0.23442288E+03  0.49646415E+07
  0.23988329E+03  0.53192181E+07
  0.24547089E+03  0.56991306E+07
  0.25118864E+03  0.61061900E+07
  0.25703958E+03  0.65423366E+07
  0.26302680E+03  0.70096496E+07
  0.26915348E+03  0.75103568E+07
  0.27542287E+03  0.80468450E+07
  0.28183829E+03  0.86216721E+07
  0.28840315E+03  0.92375785E+07
  0.29512092E+03  0.98975007E+07
  0.30199517E+03  0.10604585E+08
  0.30902954E+03  0.11362203E+08
  0.31622777E+03  0.12173967E+08
  0.32359366E+03  0.13043748E+08
  0.33113112E+03  0.13975692E+08
  0.33884416E+03  0.14974245E+08
  0.34673685E+03  0.16044167E+08
  0.35481339E+03  0.17190561E+08
  0.36307805E+03  0.18418894E+08x