  0.10116465E-02  0.50500921E+00
  0.10352108E-02  0.50512573E+00
  0.10593239E-02  0.50524495E+00
  0.10839988E-02  0.50536694E+00
  0.11092483E-02  0.50549177E+00
  0.11350860E-02  0.50561949E+00
  0.11615256E-02  0.50575018E+00
  0.11885810E-02  0.50588390E+00
  0.12162666E-02  0.50602073E+00
  0.12445971E-02  0.50616074E+00
  0.12735875E-02  0.50630399E+00
  0.13032531E-02  0.50645057E+00
  0.13336098E-02  0.50660055E+00
  0.13646736E-02  0.50675402E+00
  0.13964609E-02  0.50691104E+00
  0.14289887E-02  0.50707171E+00
  0.14622741E-02  0.50723611E+00
  0.14963348E-02  0.50740432E+00
  0.15311889E-02  0.50757643E+00
  0.15668549E-02  0.50775253E+00
  0.16033516E-02  0.50793272E+00
  0.16406985E-02  0.50811709E+00
  0.16789153E-02  0.50830573E+00
  0.17180222E-02  0.50849875E+00
  0.17580401E-02  0.50869624E+00
  0.17989901E-02  0.50889831E+00
  0.18408940E-02  0.50910506E+00
  0.18837739E-02  0.50931661E+00
  0.19276527E-02  0.50953305E+00
  0.19725535E-02  0.50975451E+00
  0.20185001E-02  0.50998111E+00
  0.20655170E-02  0.51021295E+00
  0.21136291E-02  0.51045016E+00
  0.21628619E-02  0.51069286E+00
  0.22132414E-02  0.51094119E+00
  0.22647944E-02  0.51119526E+00
  0.23175482E-02  0.51145521E+00
  0.23715309E-02  0.51172118E+00
  0.24267709E-02  0.51199331E+00
  0.24832977E-02  0.51227173E+00
  0.25411411E-02  0.51255660E+00
  0.26003319E-02  0.51284805E+00
  0.26609014E-02  0.51314624E+00
  0.27228818E-02  0.51345133E+00
  0.27863058E-02  0.51376347E+00
  0.28512072E-02  0.51408283E+00
  0.29176204E-02  0.51440957E+00
  0.29855805E-02  0.51474385E+00
  0.30551236E-02  0.51508586E+00
  0.31262865E-02  0.51543577E+00
  0.31991071E-02  0.51579376E+00
  0.32736239E-02  0.51616002E+00
  0.33498764E-02  0.51653473E+00
  0.34279050E-02  0.51691809E+00
  0.35077512E-02  0.51731029E+00
  0.35894572E-02  0.51771154E+00
  0.36730664E-02  0.51812205E+00
  0.37586231E-02  0.51854202E+00
  0.38461727E-02  0.51897167E+00
  0.39357616E-02  0.51941122E+00
  0.40274372E-02  0.51986090E+00
  0.41212483E-02  0.52032094E+00
  0.42172445E-02  0.52079158E+00
  0.43154768E-02  0.52127305E+00
  0.44159971E-02  0.52176560E+00
  0.45188589E-02  0.52226948E+00
  0.46241167E-02  0.52278496E+00
  0.47318262E-02  0.52331229E+00
  0.48420446E-02  0.52385174E+00
  0.49548303E-02  0.52440359E+00
  0.50702431E-02  0.52496812E+00
  0.51883442E-02  0.52554562E+00
  0.53091963E-02  0.52613637E+00
  0.54328634E-02  0.52674069E+00
  0.55594110E-02  0.52735886E+00
  0.56889063E-02  0.52799122E+00
  0.58214180E-02  0.52863808E+00
  0.59570162E-02  0.52929976E+00
  0.60957729E-02  0.52997660E+00
  0.62377617E-02  0.53066894E+00
  0.63830579E-02  0.53137713E+00
  0.65317384E-02  0.53210153E+00
  0.66838821E-02  0.53284249E+00
  0.68395697E-02  0.53360040E+00
  0.69988838E-02  0.53437562E+00
  0.71619087E-02  0.53516856E+00
  0.73287310E-02  0.53597959E+00
  0.74994391E-02  0.53680914E+00
  0.76741235E-02  0.53765761E+00
  0.78528768E-02  0.53852542E+00
  0.80357938E-02  0.53941300E+00
  0.82229714E-02  0.54032080E+00
  0.84145090E-02  0.54124927E+00
  0.86105081E-02  0.54219885E+00
  0.88110726E-02  0.54317003E+00
  0.90163089E-02  0.54416328E+00
  0.92263257E-02  0.54517908E+00
  0.94412344E-02  0.54621794E+00
  0.96611490E-02  0.54728036E+00
  0.98861861E-02  0.54836687E+00
  0.10116465E-01  0.54947799E+00
  0.10352108E-01  0.55061426E+00
  0.10593239E-01  0.55177624E+00
  0.10839988E-01  0.55296448E+00
  0.11092483E-01  0.55417957E+00
  0.11350860E-01  0.55542209E+00
  0.11615256E-01  0.55669264E+00
  0.11885810E-01  0.55799182E+00
  0.12162666E-01  0.55932027E+00
  0.12445971E-01  0.56067861E+00
  0.12735875E-01  0.56206749E+00
  0.13032531E-01  0.56348757E+00
  0.13336098E-01  0.56493952E+00
  0.13646736E-01  0.56642404E+00
  0.13964609E-01  0.56794182E+00
  0.14289887E-01  0.56949357E+00
  0.14622741E-01  0.57108002E+00
  0.14963348E-01  0.57270191E+00
  0.15311889E-01  0.57436000E+00
  0.15668549E-01  0.57605505E+00
  0.16033516E-01  0.57778786E+00
  0.16406985E-01  0.57955921E+00
  0.16789153E-01  0.58136992E+00
  0.17180222E-01  0.58322082E+00
  0.17580401E-01  0.58511276E+00
  0.17989901E-01  0.58704658E+00
  0.18408940E-01  0.58902318E+00
  0.18837739E-01  0.59104342E+00
  0.19276527E-01  0.59310824E+00
  0.19725535E-01  0.59521853E+00
  0.20185001E-01  0.59737525E+00
  0.20655170E-01  0.59957935E+00
  0.21136291E-01  0.60183179E+00
  0.21628619E-01  0.60413357E+00
  0.22132414E-01  0.60648569E+00
  0.22647944E-01  0.60888917E+00
  0.23175482E-01  0.61134505E+00
  0.23715309E-01  0.61385438E+00
  0.24267709E-01  0.61641823E+00
  0.24832977E-01  0.61903770E+00
  0.25411411E-01  0.62171388E+00
  0.26003319E-01  0.62444791E+00
  0.26609014E-01  0.62724092E+00
  0.27228818E-01  0.63009406E+00
  0.27863058E-01  0.63300851E+00
  0.28512072E-01  0.63598547E+00
  0.29176204E-01  0.63902615E+00
  0.29855805E-01  0.64213175E+00
  0.30551236E-01  0.64530354E+00
  0.31262865E-01  0.64854277E+00
  0.31991071E-01  0.65185071E+00
  0.32736239E-01  0.65522865E+00
  0.33498764E-01  0.65867792E+00
  0.34279050E-01  0.66219982E+00
  0.35077512E-01  0.66579570E+00
  0.35894572E-01  0.66946692E+00
  0.36730664E-01  0.67321484E+00
  0.37586231E-01  0.67704086E+00
  0.38461727E-01  0.68094638E+00
  0.39357616E-01  0.68493281E+00
  0.40274372E-01  0.68900157E+00
  0.41212483E-01  0.69315412E+00
  0.42172445E-01  0.69739191E+00
  0.43154768E-01  0.70171640E+00
  0.44159971E-01  0.70612908E+00
  0.45188589E-01  0.71063143E+00
  0.46241167E-01  0.71522495E+00
  0.47318262E-01  0.71991117E+00
  0.48420446E-01  0.72469159E+00
  0.49548303E-01  0.72956774E+00
  0.50702431E-01  0.73454115E+00
  0.51883442E-01  0.73961338E+00
  0.53091963E-01  0.74478596E+00
  0.54328634E-01  0.75006044E+00
  0.55594110E-01  0.75543838E+00
  0.56889063E-01  0.76092133E+00
  0.58214180E-01  0.76651085E+00
  0.59570162E-01  0.77220849E+00
  0.60957729E-01  0.77801581E+00
  0.62377617E-01  0.78393435E+00
  0.63830579E-01  0.78996567E+00
  0.65317384E-01  0.79611129E+00
  0.66838821E-01  0.80237275E+00
  0.68395697E-01  0.80875158E+00
  0.69988838E-01  0.81524927E+00
  0.71619087E-01  0.82186733E+00
  0.73287310E-01  0.82860724E+00
  0.74994391E-01  0.83547046E+00
  0.76741235E-01  0.84245842E+00
  0.78528768E-01  0.84957257E+00
  0.80357938E-01  0.85681429E+00
  0.82229714E-01  0.86418495E+00
  0.84145090E-01  0.87168591E+00
  0.86105081E-01  0.87931847E+00
  0.88110726E-01  0.88708391E+00
  0.90163089E-01  0.89498348E+00
  0.92263257E-01  0.90301839E+00
  0.94412344E-01  0.91118980E+00
  0.96611490E-01  0.91949883E+00
  0.98861861E-01  0.92794656E+00
  0.10116465E+00  0.93653400E+00
  0.10352108E+00  0.94526213E+00
  0.10593239E+00  0.95413187E+00
  0.10839988E+00  0.96314408E+00
  0.11092483E+00  0.97229954E+00
  0.11350860E+00  0.98159900E+00
  0.11615256E+00  0.99104311E+00
  0.11885810E+00  0.10006325E+01
  0.12162666E+00  0.10103676E+01
  0.12445971E+00  0.10202489E+01
  0.12735875E+00  0.10302768E+01
  0.13032531E+00  0.10404516E+01
  0.13336098E+00  0.10507733E+01
  0.13646736E+00  0.10612422E+01
  0.13964609E+00  0.10718583E+01
  0.14289887E+00  0.10826214E+01
  0.14622741E+00  0.10935313E+01
  0.14963348E+00  0.11045878E+01
  0.15311889E+00  0.11157905E+01
  0.15668549E+00  0.11271389E+01
  0.16033516E+00  0.11386323E+01
  0.16406985E+00  0.11502700E+01
  0.16789153E+00  0.11620513E+01
  0.17180222E+00  0.11739750E+01
  0.17580401E+00  0.11860402E+01
  0.17989901E+00  0.11982456E+01
  0.18408940E+00  0.12105899E+01
  0.18837739E+00  0.12230717E+01
  0.19276527E+00  0.12356893E+01
  0.19725535E+00  0.12484411E+01
  0.20185001E+00  0.12613253E+01
  0.20655170E+00  0.12743398E+01
  0.21136291E+00  0.12874825E+01
  0.21628619E+00  0.13007513E+01
  0.22132414E+00  0.13141437E+01
  0.22647944E+00  0.13276573E+01
  0.23175482E+00  0.13412895E+01
  0.23715309E+00  0.13550374E+01
  0.24267709E+00  0.13688982E+01
  0.24832977E+00  0.13828689E+01
  0.25411411E+00  0.13969463E+01
  0.26003319E+00  0.14111272E+01
  0.26609014E+00  0.14254082E+01
  0.27228818E+00  0.14397857E+01
  0.27863058E+00  0.14542562E+01
  0.28512072E+00  0.14688159E+01
  0.29176204E+00  0.14834610E+01
  0.29855805E+00  0.14981874E+01
  0.30551236E+00  0.15129912E+01
  0.31262865E+00  0.15278681E+01
  0.31991071E+00  0.15428139E+01
  0.32736239E+00  0.15578243E+01
  0.33498764E+00  0.15728949E+01
  0.34279050E+00  0.15880210E+01
  0.35077512E+00  0.16031982E+01
  0.35894572E+00  0.16184217E+01
  0.36730664E+00  0.16336869E+01
  0.37586231E+00  0.16489890E+01
  0.38461727E+00  0.16643232E+01
  0.39357616E+00  0.16796846E+01
  0.40274372E+00  0.16950682E+01
  0.41212483E+00  0.17104692E+01
  0.42172445E+00  0.17258826E+01
  0.43154768E+00  0.17413035E+01
  0.44159971E+00  0.17567267E+01
  0.45188589E+00  0.17721475E+01
  0.46241167E+00  0.17875607E+01
  0.47318262E+00  0.18029614E+01
  0.48420446E+00  0.18183446E+01
  0.49548303E+00  0.18337055E+01
  0.50702431E+00  0.18490391E+01
  0.51883442E+00  0.18643405E+01
  0.53091963E+00  0.18796050E+01
  0.54328634E+00  0.18948278E+01
  0.55594110E+00  0.19100042E+01
  0.56889063E+00  0.19251294E+01
  0.58214180E+00  0.19401991E+01
  0.59570162E+00  0.19552086E+01
  0.60957729E+00  0.19701535E+01
  0.62377617E+00  0.19850296E+01
  0.63830579E+00  0.19998325E+01
  0.65317384E+00  0.20145581E+01
  0.66838821E+00  0.20292024E+01
  0.68395697E+00  0.20437614E+01
  0.69988838E+00  0.20582313E+01
  0.71619087E+00  0.20726084E+01
  0.73287310E+00  0.20868890E+01
  0.74994391E+00  0.21010697E+01
  0.76741235E+00  0.21151471E+01
  0.78528768E+00  0.21291179E+01
  0.80357938E+00  0.21429790E+01
  0.82229714E+00  0.21567274E+01
  0.84145090E+00  0.21703603E+01
  0.86105081E+00  0.21838749E+01
  0.88110726E+00  0.21972686E+01
  0.90163089E+00  0.22105389E+01
  0.92263257E+00  0.22236835E+01
  0.94412344E+00  0.22367001E+01
  0.96611490E+00  0.22495866E+01
  0.98861861E+00  0.22623412E+01
  0.10116465E+01  0.22749619E+01
  0.10352108E+01  0.22874471E+01
  0.10593239E+01  0.22997952E+01
  0.10839988E+01  0.23120048E+01
  0.11092483E+01  0.23240745E+01
  0.11350860E+01  0.23360031E+01
  0.11615256E+01  0.23477896E+01
  0.11885810E+01  0.23594330E+01
  0.12162666E+01  0.23709324E+01
  0.12445971E+01  0.23822872E+01
  0.12735875E+01  0.23934968E+01
  0.13032531E+01  0.24045606E+01
  0.13336098E+01  0.24154782E+01
  0.13646736E+01  0.24262493E+01
  0.13964609E+01  0.24368738E+01
  0.14289887E+01  0.24473516E+01
  0.14622741E+01  0.24576826E+01
  0.14963348E+01  0.24678670E+01
  0.15311889E+01  0.24779050E+01
  0.15668549E+01  0.24877967E+01
  0.16033516E+01  0.24975427E+01
  0.16406985E+01  0.25071432E+01
  0.16789153E+01  0.25165989E+01
  0.17180222E+01  0.25259102E+01
  0.17580401E+01  0.25350779E+01
  0.17989901E+01  0.25441027E+01
  0.18408940E+01  0.25529854E+01
  0.18837739E+01  0.25617268E+01
  0.19276527E+01  0.25703278E+01
  0.19725535E+01  0.25787894E+01
  0.20185001E+01  0.25871126E+01
  0.20655170E+01  0.25952984E+01
  0.21136291E+01  0.26033480E+01
  0.21628619E+01  0.26112626E+01
  0.22132414E+01  0.26190432E+01
  0.22647944E+01  0.26266912E+01
  0.23175482E+01  0.26342078E+01
  0.23715309E+01  0.26415944E+01
  0.24267709E+01  0.26488522E+01
  0.24832977E+01  0.26559826E+01
  0.25411411E+01  0.26629870E+01
  0.26003319E+01  0.26698668E+01
  0.26609014E+01  0.26766234E+01
  0.27228818E+01  0.26832583E+01
  0.27863058E+01  0.26897730E+01
  0.28512072E+01  0.26961690E+01
  0.29176204E+01  0.27024476E+01
  0.29855805E+01  0.27086105E+01
  0.30551236E+01  0.27146592E+01
  0.31262865E+01  0.27205952E+01
  0.31991071E+01  0.27264200E+01
  0.32736239E+01  0.27321352E+01
  0.33498764E+01  0.27377422E+01
  0.34279050E+01  0.27432428E+01
  0.35077512E+01  0.27486383E+01
  0.35894572E+01  0.27539304E+01
  0.36730664E+01  0.27591205E+01
  0.37586231E+01  0.27642103E+01
  0.38461727E+01  0.27692013E+01
  0.39357616E+01  0.27740949E+01
  0.40274372E+01  0.27788928E+01
  0.41212483E+01  0.27835964E+01
  0.42172445E+01  0.27882073E+01
  0.43154768E+01  0.27927269E+01
  0.44159971E+01  0.27971568E+01
  0.45188589E+01  0.28014984E+01
  0.46241167E+01  0.28057532E+01
  0.47318262E+01  0.28099227E+01
  0.48420446E+01  0.28140082E+01
  0.49548303E+01  0.28180114E+01
  0.50702431E+01  0.28219335E+01
  0.51883442E+01  0.28257760E+01
  0.53091963E+01  0.28295402E+01
  0.54328634E+01  0.28332277E+01
  0.55594110E+01  0.28368396E+01
  0.56889063E+01  0.28403775E+01
  0.58214180E+01  0.28438425E+01
  0.59570162E+01  0.28472361E+01
  0.60957729E+01  0.28505595E+01
  0.62377617E+01  0.28538141E+01
  0.63830579E+01  0.28570011E+01
  0.65317384E+01  0.28601217E+01
  0.66838821E+01  0.28631772E+01
  0.68395697E+01  0.28661689E+01
  0.69988838E+01  0.28690979E+01
  0.71619087E+01  0.28719654E+01
  0.73287310E+01  0.28747725E+01
  0.74994391E+01  0.28775206E+01
  0.76741235E+01  0.28802106E+01
  0.78528768E+01  0.28828437E+01
  0.80357938E+01  0.28854211E+01
  0.82229714E+01  0.28879437E+01
  0.84145090E+01  0.28904127E+01
  0.86105081E+01  0.28928291E+01
  0.88110726E+01  0.28951940E+01
  0.90163089E+01  0.28975084E+01
  0.92263257E+01  0.28997733E+01
  0.94412344E+01  0.29019896E+01
  0.96611490E+01  0.29041584E+01
  0.98861861E+01  0.29062805E+01
  0.10116465E+02  0.29083571E+01
  0.10352108E+02  0.29103888E+01
  0.10593239E+02  0.29123768E+01
  0.10839988E+02  0.29143218E+01
  0.11092483E+02  0.29162247E+01
  0.11350860E+02  0.29180864E+01
  0.11615256E+02  0.29199078E+01
  0.11885810E+02  0.29216896E+01
  0.12162666E+02  0.29234327E+01
  0.12445971E+02  0.29251379E+01
  0.12735875E+02  0.29268060E+01
  0.13032531E+02  0.29284377E+01
  0.13336098E+02  0.29300338E+01
  0.13646736E+02  0.29315950E+01
  0.13964609E+02  0.29331221E+01
  0.14289887E+02  0.29346158E+01
  0.14622741E+02  0.29360767E+01
  0.14963348E+02  0.29375056E+01
  0.15311889E+02  0.29389032E+01
  0.15668549E+02  0.29402700E+01
  0.16033516E+02  0.29416069E+01
  0.16406985E+02  0.29429143E+01
  0.16789153E+02  0.29441929E+01
  0.17180222E+02  0.29454433E+01
  0.17580401E+02  0.29466662E+01
  0.17989901E+02  0.29478621E+01
  0.18408940E+02  0.29490316E+01
  0.18837739E+02  0.29501752E+01
  0.19276527E+02  0.29512935E+01
  0.19725535E+02  0.29523871E+01
  0.20185001E+02  0.29534565E+01
  0.20655170E+02  0.29545022E+01
  0.21136291E+02  0.29555247E+01
  0.21628619E+02  0.29565245E+01
  0.22132414E+02  0.29575021E+01
  0.22647944E+02  0.29584580E+01
  0.23175482E+02  0.29593926E+01
  0.23715309E+02  0.29603065E+01
  0.24267709E+02  0.29612000E+01
  0.24832977E+02  0.29620737E+01
  0.25411411E+02  0.29629279E+01
  0.26003319E+02  0.29637630E+01
  0.26609014E+02  0.29645795E+01
  0.27228818E+02  0.29653779E+01
  0.27863058E+02  0.29661584E+01
  0.28512072E+02  0.29669214E+01
  0.29176204E+02  0.29676675E+01
  0.29855805E+02  0.29683968E+01
  0.30551236E+02  0.29691099E+01
  0.31262865E+02  0.29698070E+01
  0.31991071E+02  0.29704885E+01
  0.32736239E+02  0.29711548E+01
  0.33498764E+02  0.29718061E+01
  0.34279050E+02  0.29724428E+01
  0.35077512E+02  0.29730653E+01
  0.35894572E+02  0.29736738E+01
  0.36730664E+02  0.29742687E+01
  0.37586231E+02  0.29748503E+01
  0.38461727E+02  0.29754187E+01
  0.39357616E+02  0.29759745E+01
  0.40274372E+02  0.29765177E+01
  0.41212483E+02  0.29770487E+01
  0.42172445E+02  0.29775679E+01
  0.43154768E+02  0.29780753E+01
  0.44159971E+02  0.29785713E+01
  0.45188589E+02  0.29790562E+01
  0.46241167E+02  0.29795302E+01
  0.47318262E+02  0.29799935E+01
  0.48420446E+02  0.29804464E+01
  0.49548303E+02  0.29808891E+01
  0.50702431E+02  0.29813218E+01
  0.51883442E+02  0.29817448E+01
  0.53091963E+02  0.29821582E+01
  0.54328634E+02  0.29825623E+01
  0.55594110E+02  0.29829573E+01
  0.56889063E+02  0.29833434E+01
  0.58214180E+02  0.29837208E+01
  0.59570162E+02  0.29840897E+01
  0.60957729E+02  0.29844503E+01
  0.62377617E+02  0.29848027E+01
  0.63830579E+02  0.29851472E+01
  0.65317384E+02  0.29854839E+01
  0.66838821E+02  0.29858130E+01
  0.68395697E+02  0.29861347E+01
  0.69988838E+02  0.29864491E+01
  0.71619087E+02  0.29867564E+01
  0.73287310E+02  0.29870568E+01
  0.74994391E+02  0.29873503E+01
  0.76741235E+02  0.29876373E+01
  0.78528768E+02  0.29879177E+01
  0.80357938E+02  0.29881918E+01
  0.82229714E+02  0.29884597E+01
  0.84145090E+02  0.29887216E+01
  0.86105081E+02  0.29889775E+01
  0.88110726E+02  0.29892277E+01
  0.90163089E+02  0.29894721E+01
  0.92263257E+02  0.29897111E+01
  0.94412344E+02  0.29899446E+01
  0.96611490E+02  0.29901729E+01
  0.98861861E+02  0.29903960E+01
  0.10116465E+03  0.29906140E+01
  0.10352108E+03  0.29908271E+01
  0.10593239E+03  0.29910354E+01
  0.10839988E+03  0.29912389E+01
  0.11092483E+03  0.29914379E+01
  0.11350860E+03  0.29916323E+01
  0.11615256E+03  0.29918223E+01
  0.11885810E+03  0.29920081E+01
  0.12162666E+03  0.29921896E+01
  0.12445971E+03  0.29923670E+01
  0.12735875E+03  0.29925404E+01
  0.13032531E+03  0.29927098E+01
  0.13336098E+03  0.29928754E+01
  0.13646736E+03  0.29930373E+01
  0.13964609E+03  0.29931955E+01
  0.14289887E+03  0.29933501E+01
  0.14622741E+03  0.29935012E+01
  0.14963348E+03  0.29936488E+01
  0.15311889E+03  0.29937932E+01
  0.15668549E+03  0.29939342E+01
  0.16033516E+03  0.29940720E+01
  0.16406985E+03  0.29942068E+01
  0.16789153E+03  0.29943384E+01
  0.17180222E+03  0.29944671E+01
  0.17580401E+03  0.29945928E+01
  0.17989901E+03  0.29947157E+01
  0.18408940E+03  0.29948358E+01
  0.18837739E+03  0.29949532E+01
  0.19276527E+03  0.29950680E+01
  0.19725535E+03  0.29951801E+01
  0.20185001E+03  0.29952896E+01
  0.20655170E+03  0.29953967E+01
  0.21136291E+03  0.29955014E+01
  0.21628619E+03  0.29956036E+01
  0.22132414E+03  0.29957036E+01
  0.22647944E+03  0.29958013E+01
  0.23175482E+03  0.29958967E+01
  0.23715309E+03  0.29959900E+01
  0.24267709E+03  0.29960812E+01
  0.24832977E+03  0.29961703E+01
  0.25411411E+03  0.29962574E+01
  0.26003319E+03  0.29963425E+01
  0.26609014E+03  0.29964257E+01
  0.27228818E+03  0.29965070E+01
  0.27863058E+03  0.29965864E+01
  0.28512072E+03  0.29966640E+01
  0.29176204E+03  0.29967399E+01
  0.29855805E+03  0.29968140E+01
  0.30551236E+03  0.29968865E+01
  0.31262865E+03  0.29969573E+01
  0.31991071E+03  0.29970265E+01
  0.32736239E+03  0.29970941E+01
  0.33498764E+03  0.29971602E+01
  0.34279050E+03  0.29972248E+01
  0.35077512E+03  0.29972879E+01
  0.35894572E+03  0.29973496E+01