           1  4.988277489895010E-004
           2  5.213710024756762E-004
           3  3.574600606174037E-004
           4  2.044985684715704E-004
           5  1.069534068931162E-004
           6  5.251597250861141E-005
           7  2.478492729417276E-005
           8  1.144314519400961E-005
           9  5.115532012930911E-006
          10  2.231052962031363E-006
          11  9.546954644408279E-007
          12  4.027766694375891E-007
          13  1.685359535753003E-007
          14  6.989408612573701E-008
          15  2.874069181619743E-008
          16  1.174005060859202E-008
          17  4.763353208573479E-009
          18  1.919937225115119E-009
          19  7.675368713593573E-010
          20  3.055043888557502E-010
          21  1.211240191400872E-010
          22  4.780637368602954E-011
          23  1.879476388139678E-011
          24  7.368255816813445E-012
          25  2.881169475445758E-012
          26  1.124226761357802E-012
          27  4.382912816127381E-013
          28  1.705038471228299E-013
          29  6.619651867341776E-014
          30  2.565227869647792E-014
          31  9.923406028971541E-015
          32  3.833255882605633E-015
          33  1.478483344058981E-015
          34  5.694267441304912E-016
          35  2.190126527479607E-016
          36  8.412874195876771E-017
          37  3.227710022635918E-017
          38  1.237052757253855E-017
          39  4.736331950288889E-018
          40  1.811534668429623E-018
          41  6.921885959124724E-019
          42  2.642387454843117E-019
          43  1.007818466687111E-019
          44  3.840608110755332E-020
          45  1.462400810516380E-020
          46  5.569415610263567E-021
          47  2.119751403924352E-021
          48  8.061852692209141E-022
          49  3.063891372925237E-022
          50  1.163626298828330E-022
          51  4.416392133711508E-023
          52  1.675124919875203E-023
          53  6.349844626448718E-024
          54  2.405611835960506E-024
          55  9.100154853920868E-025
          56  3.439091717200202E-025
          57  1.299070375600060E-025
          58  4.904815593314268E-026
          59  1.851060213318998E-026
          60  6.982849788521720E-027
          61  2.633087313073136E-027
          62  9.924852175257958E-028
          63  3.739509142507457E-028
          64  1.408452475076829E-028
          65  5.302880930860987E-029
          66  1.998415495875814E-029
          67  7.533623895776875E-030
          68  2.838928181749478E-030
          69  1.069405372737575E-030
          70  4.026917470995896E-031
          71  1.515829017898268E-031
          72  5.703997496313018E-032
          73  2.145677096788897E-032
          74  8.068809435155198E-033
          75  3.033322290091910E-033
          76  1.139975312199106E-033
          77  4.282957451050450E-034
          78  1.608670076593665E-034
          79  6.039962233138427E-035
          80  2.266664696662979E-035
          81  8.504089227308017E-036
          82  3.189764949798681E-036
          83  1.196141799892399E-036
          84  4.484380233113613E-037
          85  1.680817396164144E-037
          86  6.298533656445713E-038
          87  2.359725978981759E-038
          88  8.838716255761055E-039
          89  3.309973587843068E-039
          90  1.239280807836511E-039
          91  4.639026441066996E-040
          92  1.736192589452862E-040
          93  6.496580233155309E-041
          94  2.430465382586004E-041
          95  9.091291265739123E-042
          96  3.400372333885793E-042
          97  1.271596396648616E-042
          98  4.754399626592750E-043
          99  1.777326730836959E-043
         100  6.643020945184286E-044
         101  2.482517087751088E-044
         102  9.275741067300704E-045
         103  3.465262651472632E-045
         104  1.294363483088342E-045
         105  4.834040013248434E-046
         106  1.805092353207437E-046
         107  6.739459574808153E-047
         108  2.515871219690178E-047
         109  9.390541192741713E-048
         110  3.504554970947617E-048
         111  1.307724609041160E-048
         112  4.879125361283416E-049
         113  1.820165934794122E-049
         114  6.789289819053236E-050
         115  2.533007202797162E-050
         116  9.450468122265388E-051
         117  3.525447473993470E-051
         118  1.314983217678615E-051
         119  4.904245303591731E-052
         120  1.828820683230808E-052
         121  6.818957090689459E-053
         122  2.542222669030739E-053
         123  9.476738428158315E-054
         124  3.532276855359935E-054
         125  1.316442667460454E-054
         126  4.905704131552405E-055
         127  1.827905490585620E-055
         128  6.810200250854940E-056
         129  2.537000448069350E-056
         130  9.450101235258889E-057
         131  3.519721933731337E-057
         132  1.310801496832905E-057
         133  4.881158054198510E-058
         134  1.817468328339816E-058
         135  6.766584771662520E-059
         136  2.519019547696829E-059
         137  9.376775304840819E-060
         138  3.490192335562723E-060
         139  1.299525335465923E-060
         140  4.838152240437436E-061
         141  1.801085429141221E-061
         142  6.704242276473549E-062
         143  2.495320190678017E-062
         144  9.286768695868527E-063
         145  3.455932943694146E-063
         146  1.285964163742960E-063
         147  4.784712466330347E-064
         148  1.780109707568803E-064
         149  6.622197893585073E-065
         150  2.463329500797502E-065
         151  9.162380481893205E-066
         152  3.407690022400498E-066
         153  1.267296578868645E-066
         154  4.712629813679773E-067
         155  1.752329327438120E-067
         156  6.515322497995717E-068
         157  2.422279909635274E-068
         158  9.004951678126139E-069
         159  3.347399258638807E-069
         160  1.244237038474159E-069
         161  4.624540838442428E-070
         162  1.718717076920239E-070
         163  6.387204663509679E-071
         164  2.373494994347968E-071
         165  8.819363206014904E-072
         166  3.276860272680618E-072
         167  1.217417589517172E-072
         168  4.522427015912012E-073
         169  1.679874145791293E-073
         170  6.239581247733180E-074
         171  2.317437279772499E-074
         172  8.606661105301294E-075
         173  3.196214379094321E-075
         174  1.186893891189139E-075
         175  4.407202322430732E-076
         176  1.636400039307671E-076
         177  6.075634894327572E-077
         178  2.255640254654284E-077
         179  8.373832534530141E-078
         180  3.108531345689006E-078
         181  1.153886386578955E-078
         182  4.282998638156462E-079
         183  1.589681703417716E-079
         184  5.899973050998328E-080
         185  2.189614945164303E-080
         186  8.125752484005233E-081
         187  3.015350470296222E-081
         188  1.118898301353888E-081
         189  4.151664792943273E-082
         190  1.540398303961588E-082
         191  5.715090310669469E-083
         192  2.120277505781208E-083
         193  7.865785163621286E-084
         194  2.917906969076707E-084
         195  1.082383105430483E-084
         196  4.014865347864245E-085
         197  1.489160778464351E-085
         198  5.523228694638066E-086
         199  2.048450611993112E-086
         200  7.596948879425889E-087
         201  2.818136824999763E-087
         202  1.045359049239932E-087
         203  3.877480594268738E-088
         204  1.438184904433929E-088
         205  5.334097631235291E-089
         206  1.978283512851472E-089
         207  7.336647135902850E-090
         208  2.720748824428525E-090
         209  1.008930320125438E-090
         210  3.741243587306974E-091
         211  1.387244676370645E-091
         212  5.143664055175760E-092
         213  1.907105631671806E-092
         214  7.070655821800673E-093
         215  2.621365706208164E-093
         216  9.718039597191816E-094
         217  3.602574872687337E-094
         218  1.335459833870892E-094
         219  4.950308557114205E-095
         220  1.834921510893591E-095
         221  6.801217339121185E-096
         222  2.520808809574906E-096
         223  9.342807646504609E-097
         224  3.462575899009587E-097
         225  1.283233646945563E-097
         226  4.755507413045117E-098
         227  1.762271504819405E-098
         228  6.530309242767966E-099
         229  2.419801764902621E-099
         230  8.966254890329266E-100
         231  3.322215179802419E-100
         232  1.230920361657360E-100
         233  4.560556130736956E-101
         234  1.689629320563132E-101
         235  6.259663397183267E-102
         236  2.318977641349845E-102
         237  8.590695102025391E-103
         238  3.182338231319420E-103
         239  1.178828903414986E-103
         240  4.366583244636468E-104
         241  1.617424256650242E-104
         242  5.992595079905228E-105
         243  2.220199193210385E-105
         244  8.225363434155601E-106
         245  3.047224992221977E-106
         246  1.128860654854046E-106
         247  4.181794228861674E-107
         248  1.549072005798368E-107
         249  5.738089153967134E-108
         250  2.125444802350306E-108
         251  7.872620837316162E-109
         252  2.915922090974867E-109
         253  1.079989871493388E-109
         254  3.999914818808753E-110
         255  1.481389300691575E-110
         256  5.486244652420931E-111
         257  2.031742885359067E-111
         258  7.524021672532906E-112
         259  2.786243977594978E-112
         260  1.031754003702899E-112
         261  3.820508736886306E-113
         262  1.414667394097439E-113
         263  5.238123089097772E-114
         264  1.939480243620537E-114
         265  7.180975082895655E-115
         266  2.658703897093789E-115
         267  9.843399451959411E-116
         268  3.644256380430414E-116
         269  1.349153928982709E-116
         270  4.994625583273654E-117
         271  1.848984692063596E-117
         272  6.844673305099262E-118
         273  2.533735340934554E-118
         274  9.379052682343016E-119
         275  3.471730356671710E-119
         276  1.285056926854332E-119
         277  4.756507627746272E-120
         278  1.760530526534656E-120
         279  6.516111907008699E-121
         280  2.411699536732864E-121
         281  8.925809950263326E-122
         282  3.303405736025722E-122
         283  1.222548580551176E-122
         284  4.524393116572059E-123
         285  1.674343711207239E-123
         286  6.196108967682307E-124
         287  2.292892538884658E-124
         288  8.484742186756517E-125
         289  3.139669738702624E-125
         290  1.161772745628862E-125
         291  4.298901603618267E-126
         292  1.590685592163744E-126
         293  5.885749590832713E-127
         294  2.177759286205260E-127
         295  8.057655486059636E-128
         296  2.981249402485728E-128
         297  1.103008310170905E-128
         298  4.080845809058200E-129
         299  1.509776210200424E-129
         300  5.585551046139501E-130
         301  2.066381910050264E-130
         302  7.644451660859247E-131
         303  2.827960441630942E-131
         304  1.046144381175766E-131
         305  3.869913784583320E-132
         306  1.431536346742298E-132
         307  5.295353469797611E-133
         308  1.958750300036808E-133
         309  7.245273776899341E-134
         310  2.679922205291000E-134
         311  9.912456455524862E-135
         312  3.666335242149011E-135
         313  1.356047449114975E-135
         314  5.015445159178741E-136
         315  1.854966318241538E-136
         316  6.860481021647594E-137
         317  2.537261075482343E-137
         318  9.383564653183466E-138
         319  3.470265488698408E-138
         320  1.283363729597466E-138
         321  4.746014732226123E-139
         322  1.755095348496734E-139
         323  6.490299103630039E-140
         324  2.400054598066821E-140
         325  8.875033368142219E-141
         326  3.281794481089016E-141
         327  1.213515499201777E-141
         328  4.487163400510504E-142
         329  1.659170814249836E-142
         330  6.134836881854361E-143
         331  2.268337603244331E-143
         332  8.386971431825663E-144
         333  3.100955115051112E-144
         334  1.146512217707988E-144
         335  4.238916191362826E-145
         336  1.567198307249584E-145
         337  5.794101554294659E-146
         338  2.142107792612810E-146
         339  7.919352093999780E-147
         340  2.927730783428921E-147
         341  1.082345273311007E-147
         342  4.001232169628946E-148
         343  1.479159346166118E-148
         344  5.468012477593295E-149
         345  2.021330820017469E-149
         346  7.472031701248739E-150
         347  2.762062242345436E-150
         348  1.020990506419306E-150
         349  3.774013713718461E-151
         350  1.395014785686996E-151
         351  5.156413695109198E-152
         352  1.905944895130291E-152
         353  7.044766612129685E-153
         354  2.603853825963826E-153
         355  9.624104928401077E-154
         356  3.557114902979457E-154
         357  1.314707897428634E-154
         358  4.859302317762476E-155
         359  1.796038363097786E-155
         360  6.638212284846849E-156
         361  2.453468797084741E-156
         362  9.067840074965930E-157
         363  3.351360229647536E-157
         364  1.238603643310864E-157
         365  4.577597590402602E-158
         366  1.691752872840476E-158
         367  6.252163405186239E-159
         368  2.310563127878534E-159
         369  8.538852506780039E-160
         370  3.155552238316855E-160
         371  1.166125945621603E-160
         372  4.309330445753763E-161
         373  1.592459607204210E-161
         374  5.884659972490298E-162
         375  2.174546378747026E-162
         376  8.035452922393733E-163
         377  2.969247941839519E-163
         378  1.097177809823828E-163
         379  4.054170847982757E-164
         380  1.498033715659408E-164
         381  5.535229991450722E-165
         382  2.045240222919669E-165
         383  7.556967973795359E-166
         384  2.792193232108285E-166
         385  1.031663392058204E-166
         386  3.811757481166132E-167
         387  1.408339054838760E-167
         388  5.203360717123672E-168
         389  1.922451636901489E-168
         390  7.102671336440838E-169
         391  2.624114915587316E-169
         392  9.694799767654750E-170
         393  3.581704303148621E-170
         394  1.323230589981747E-170
         395  4.888507453494391E-171
         396  1.805976123875863E-171
         397  6.671795517366595E-172
         398  2.464725038542962E-172
         399  9.105195608521753E-173
         400  3.363606347227916E-173
         401  1.242556519497073E-173
         402  4.590101332881643E-174
         403  1.695600561995202E-174
         404  6.263542282756426E-175
         405  2.313724704217825E-175
         406  8.546702508978999E-176
         407  3.157044835900821E-176
         408  1.166160146405208E-176
         409  4.307556164073596E-177
         410  1.591105710064931E-177
         411  5.877091825164193E-178
         412  2.170807426392534E-178
         413  8.018174898354725E-179
         414  2.961591667411392E-179
         415  1.093881519112157E-179
         416  4.040274432170542E-180
         417  1.492268401283767E-180
         418  5.511610783693531E-181
         419  2.035662061196135E-181
         420  7.518451285686482E-182
         421  2.776813332226247E-182
         422  1.025558862613965E-182
         423  3.787652528059327E-183
         424  1.398863453816805E-183
         425  5.166259223392067E-184
         426  1.907912665433316E-184
         427  7.045638910049857E-185
         428  2.601825315580149E-185
         429  9.607972938965756E-186
         430  3.547981204687015E-186
         431  1.310167351904361E-186
         432  4.838025785614038E-187
         433  1.786510394338698E-187
         434  6.596884776816398E-188
         435  2.435949339373693E-188
         436  8.994843817619579E-189
         437  3.321353051189813E-189
         438  1.226401061661497E-189
         439  4.528413453173147E-190
         440  1.672074884820164E-190
         441  6.173927021839030E-191
         442  2.279624912589703E-191
         443  8.417079914147102E-192
         444  3.107818718250956E-192
         445  1.147482564589257E-192
         446  4.236748851400252E-193
         447  1.564283884082392E-193
         448  5.775567516250366E-194
         449  2.132406610934118E-194
         450  7.873025426525113E-195
         451  2.906762734787723E-195
         452  1.073183104835996E-195
         453  3.962181816409562E-196
         454  1.462821455827218E-196
         455  5.400632272834014E-197
         456  1.993858225323189E-197
         457  7.361059686783583E-198
         458  2.717583010128056E-198
         459  1.003279017034452E-198
         460  3.703881531811079E-199
         461  1.367379010442081E-199
         462  5.047975177268432E-200
         463  1.863554112842983E-200
         464  6.879602050651985E-201
         465  2.539692603114479E-201
         466  9.375523661309318E-202
         467  3.461038841857753E-202
         468  1.277656140919120E-202
         469  4.716481007660763E-203
         470  1.741080286990692E-203
         471  6.427115832193682E-204
         472  2.372521141411711E-204
         473  8.757914591023924E-205
         474  3.232868095418957E-205
         475  1.193361286965634E-205
         476  4.405067824974167E-206
         477  1.626035277575217E-206
         478  6.002111395135795E-207
         479  2.215515932094270E-207
         480  8.177912436648877E-208
         481  3.018608576312239E-208
         482  1.114212247722560E-208
         483  4.112688809408223E-209
         484  1.518030787870421E-209
         485  5.603148502328547E-210
         486  2.068142800799473E-210
         487  7.633536076782304E-211
         488  2.817525570364961E-211
         489  1.039936561604043E-211
         490  3.838333610769859E-212
         491  1.416692174024325E-212
         492  5.228838015214597E-213
         493  1.929886693207963E-213
         494  7.122875916523481E-214
         495  2.628911114786202E-214
         496  9.702717700043858E-215
         497  3.581029274358078E-215
         498  1.321658769325809E-215
         499  4.877843026334826E-216
         500  1.800252069349856E-216
         501  6.644095255576685E-217
         502  2.452084470994335E-217
         503  9.049655799841422E-218
         504  3.339840797861566E-218
         505  1.232584073710307E-218
         506  4.548879499715862E-219
         507  1.678763118219982E-219
         508  6.195431000310604E-220
         509  2.286392357953138E-220
         510  8.437759395392491E-221
         511  3.113871369213412E-221
         512  1.149135826839639E-221
         513  4.240979627030895E-222
         514  1.565601064273966E-222
         515  5.779533182882029E-223
         516  2.133541824159448E-223
         517  7.876011093984680E-224
         518  2.907423190230012E-224
         519  1.073265000197423E-224
         520  3.961890635367747E-225
         521  1.462496419367988E-225
         522  5.398634993338679E-226
         523  1.992828648527118E-226
         524  7.356187696178798E-227
         525  2.715391850839191E-227
         526  1.002326230667939E-227
         527  3.699836831436888E-228
         528  1.365692579061950E-228
         529  5.041041152382924E-229
         530  1.860734730284577E-229
         531  6.868242566109672E-230
         532  2.535150452002683E-230
         533  9.357478036945947E-231
         534  3.453908845392218E-231
         535  1.274852429209754E-231
         536  4.705501987833090E-232
         537  1.736796837900302E-232
         538  6.410458652774641E-233
         539  2.366062562421054E-233
         540  8.732938326637954E-234
         541  3.223232421139157E-234
         542  1.189651960253591E-234
         543  4.390816726660022E-235
         544  1.620569983532403E-235
         545  5.981186959999485E-236
         546  2.207517133716995E-236
         547  8.147378968666007E-237
         548  3.006968598287122E-237
         549  1.109780321612401E-237
         550  4.095833648682604E-238
         551  1.511627462421518E-238
         552  5.578846627965617E-239
         553  2.058928506995093E-239
         554  7.598630352504768E-240
         555  2.804313657148737E-240
         556  1.034939789615178E-240
         557  3.819449924866000E-241
         558  1.409560777240117E-241
         559  5.201924595168385E-242
         560  1.919736266405981E-242
         561  7.084616843897916E-243
         562  2.614498860395789E-243
         563  9.648456613199820E-244
         564  3.560611185533211E-244
         565  1.313979464033432E-244
         566  4.848974901877370E-245
         567  1.789404962133780E-245
         568  6.603355689045032E-246
         569  2.436790021578582E-246
         570  8.992260853055579E-247
         571  3.318310859180279E-247
         572  1.224510834685066E-247
         573  4.518617689898613E-248
         574  1.667423722915693E-248
         575  6.152955517055461E-249
         576  2.270486927580928E-249
         577  8.378218393679651E-250
         578  3.091589318333573E-250
         579  1.140799649274438E-250
         580  4.209537947672180E-251
         581  1.553305776079075E-251
         582  5.731614506635069E-252
         583  2.114922639204011E-252
         584  7.803860639946241E-253
         585  2.879532864985008E-253
         586  1.062507730256450E-253
         587  3.920484044449380E-254
         588  1.446587891134369E-254
         589  5.337618275805127E-255
         590  1.969462691434467E-255
         591  7.266839595172935E-256
         592  2.681272584567738E-256
         593  9.893135290787959E-257
         594  3.650266092454646E-257
         595  1.346829761181531E-257
         596  4.969337546899982E-258
         597  1.833504212541029E-258
         598  6.764924539584212E-259
         599  2.495983094171331E-259
         600  9.209116546516143E-260
         601  3.397754171520213E-260
         602  1.253613334762704E-260
         603  4.625225633113386E-261
         604  1.706474978945687E-261
         605  6.295998477767197E-262
         606  2.322881207721451E-262
         607  8.568355555890341E-263
         608  3.160531613057021E-263
         609  1.165791201420341E-263
         610  4.300108269277493E-264
         611  1.586119839587888E-264
         612  5.850467901518479E-265
         613  2.157959093732121E-265
         614  7.959647320863443E-266
         615  2.935908117766041E-266
         616  1.082901906232788E-266
         617  3.994236788057292E-267
         618  1.473250285280265E-267
         619  5.433970851633300E-268
         620  2.004269537894260E-268
         621  7.392528449896398E-269
         622  2.726640914554329E-269
         623  1.005682656009011E-269
         624  3.709300776890053E-270
         625  1.368110651407306E-270
         626  5.046014424446956E-271
         627  1.861117734637461E-271
         628  6.864316664675090E-272
         629  2.531738709586463E-272
         630  9.337671020127151E-273
         631  3.443946353957353E-273
         632  1.270200603273025E-273
         633  4.684749630947046E-274
         634  1.727820398900806E-274
         635  6.372486953208337E-275
         636  2.350268422763034E-275
         637  8.668104433286500E-276
         638  3.196899394568600E-276
         639  1.179049326702438E-276
         640  4.348436743581922E-277
         641  1.603734684451753E-277
         642  5.914663968007810E-278
         643  2.181352363534222E-278
         644  8.044883777143822E-279
         645  2.966961633997987E-279
         646  1.094214080506678E-279
         647  4.035439920019673E-280
         648  1.488256187253652E-280
         649  5.488614611488235E-281
         650  2.024165477635273E-281
         651  7.464960792982049E-282
         652  2.753006871870122E-282
         653  1.015278787334161E-282
         654  3.744221971915647E-283
         655  1.380817003578763E-283
         656  5.092240827929559E-284
         657  1.877932671717275E-284
         658  6.925472056360784E-285
         659  2.553977287144855E-285
         660  9.418526661656563E-286
         661  3.473339290408927E-286
         662  1.280883847080718E-286
         663  4.723572617142296E-287
         664  1.741926221309950E-287
         665  6.423729360783923E-288
         666  2.368879870695858E-288
         667  8.735689089591986E-289
         668  3.221436937318212E-289
         669  1.187956228034753E-289
         670  4.380761281300001E-290
         671  1.615463266208742E-290
         672  5.957210429057889E-291
         673  2.196782980680558E-291
         674  8.100834032939044E-292
         675  2.987243908606719E-292
         676  1.101564697076606E-292
         677  4.062072913196376E-293
         678  1.497903396206723E-293
         679  5.523549962651920E-294
         680  2.036813024334960E-294
         681  7.510735022903867E-295
         682  2.769568574598597E-295
         683  1.021269155008621E-295
         684  3.765882131400361E-296
         685  1.388646329075215E-296
         686  5.120531035659383E-297
         687  1.888151268471515E-297
         688  6.962368425906721E-298
         689  2.567294299623220E-298
         690  9.466572295824401E-299
         691  3.490666065376893E-299
         692  1.287129681819124E-299
         693  4.746076836756174E-300
         694  1.750030779789681E-300
         695  6.452902107542516E-301
         696  2.379375242208992E-301
         697  8.773427196006379E-302
         698  3.234998591573418E-302
         699  1.192826835479183E-302
         700  4.398242759804185E-303
         701  1.621733495107088E-303
         702  5.979684580618426E-304
         703  2.204832335618009E-304
         704  8.129641061949431E-305
         705  2.997544819706482E-305
         706  1.105244893110087E-305
         707  4.075208841405308E-306
         708  1.502587420766311E-306
         709  0.000000000000000E+000
         710  0.000000000000000E+000
         711  0.000000000000000E+000
         712  0.000000000000000E+000
         713  0.000000000000000E+000
         714  0.000000000000000E+000
         715  0.000000000000000E+000
         716  0.000000000000000E+000
         717  0.000000000000000E+000
         718  0.000000000000000E+000
         719  0.000000000000000E+000
         720  0.000000000000000E+000
         721  0.000000000000000E+000
         722  0.000000000000000E+000
         723  0.000000000000000E+000
         724  0.000000000000000E+000
         725  0.000000000000000E+000
         726  0.000000000000000E+000
         727  0.000000000000000E+000
         728  0.000000000000000E+000
         729  0.000000000000000E+000
         730  0.000000000000000E+000
         731  0.000000000000000E+000
         732  0.000000000000000E+000
         733  0.000000000000000E+000
         734  0.000000000000000E+000
         735  0.000000000000000E+000
         736  0.000000000000000E+000
         737  0.000000000000000E+000
         738  0.000000000000000E+000
         739  0.000000000000000E+000
         740  0.000000000000000E+000
         741  0.000000000000000E+000
         742  0.000000000000000E+000
         743  0.000000000000000E+000
         744  0.000000000000000E+000
         745  0.000000000000000E+000
         746  0.000000000000000E+000
         747  0.000000000000000E+000
         748  0.000000000000000E+000
         749  0.000000000000000E+000
         750  0.000000000000000E+000
         751  0.000000000000000E+000
         752  0.000000000000000E+000
         753  0.000000000000000E+000
         754  0.000000000000000E+000
         755  0.000000000000000E+000
         756  0.000000000000000E+000
         757  0.000000000000000E+000
         758  0.000000000000000E+000
         759  0.000000000000000E+000
         760  0.000000000000000E+000
         761  0.000000000000000E+000
         762  0.000000000000000E+000
         763  0.000000000000000E+000
         764  0.000000000000000E+000
         765  0.000000000000000E+000
         766  0.000000000000000E+000
         767  0.000000000000000E+000
         768  0.000000000000000E+000
         769  0.000000000000000E+000
         770  0.000000000000000E+000
         771  0.000000000000000E+000
         772  0.000000000000000E+000
         773  0.000000000000000E+000
         774  0.000000000000000E+000
         775  0.000000000000000E+000
         776  0.000000000000000E+000
         777  0.000000000000000E+000
         778  0.000000000000000E+000
         779  0.000000000000000E+000
         780  0.000000000000000E+000
         781  0.000000000000000E+000
         782  0.000000000000000E+000
         783  0.000000000000000E+000
         784  0.000000000000000E+000
         785  0.000000000000000E+000
         786  0.000000000000000E+000
         787  0.000000000000000E+000
         788  0.000000000000000E+000
         789  0.000000000000000E+000
         790  0.000000000000000E+000
         791  0.000000000000000E+000
         792  0.000000000000000E+000
         793  0.000000000000000E+000
         794  0.000000000000000E+000
         795  0.000000000000000E+000
         796  0.000000000000000E+000
         797  0.000000000000000E+000
         798  0.000000000000000E+000
         799  0.000000000000000E+000
         800  0.000000000000000E+000
         801  0.000000000000000E+000
         802  0.000000000000000E+000
         803  0.000000000000000E+000
         804  0.000000000000000E+000
         805  0.000000000000000E+000
         806  0.000000000000000E+000
         807  0.000000000000000E+000
         808  0.000000000000000E+000
         809  0.000000000000000E+000
         810  0.000000000000000E+000
         811  0.000000000000000E+000
         812  0.000000000000000E+000
         813  0.000000000000000E+000
         814  0.000000000000000E+000
         815  0.000000000000000E+000
         816  0.000000000000000E+000
         817  0.000000000000000E+000
         818  0.000000000000000E+000
         819  0.000000000000000E+000
         820  0.000000000000000E+000
         821  0.000000000000000E+000
         822  0.000000000000000E+000
         823  0.000000000000000E+000
         824  0.000000000000000E+000
         825  0.000000000000000E+000
         826  0.000000000000000E+000
         827  0.000000000000000E+000
         828  0.000000000000000E+000
         829  0.000000000000000E+000
         830  0.000000000000000E+000
         831  0.000000000000000E+000
         832  0.000000000000000E+000
         833  0.000000000000000E+000
         834  0.000000000000000E+000
         835  0.000000000000000E+000
         836  0.000000000000000E+000
         837  0.000000000000000E+000
         838  0.000000000000000E+000
         839  0.000000000000000E+000
         840  0.000000000000000E+000
         841  0.000000000000000E+000
         842  0.000000000000000E+000
         843  0.000000000000000E+000
         844  0.000000000000000E+000
         845  0.000000000000000E+000
         846  0.000000000000000E+000
         847  0.000000000000000E+000
         848  0.000000000000000E+000
         849  0.000000000000000E+000
         850  0.000000000000000E+000
         851  0.000000000000000E+000
         852  0.000000000000000E+000
         853  0.000000000000000E+000
         854  0.000000000000000E+000
         855  0.000000000000000E+000
         856  0.000000000000000E+000
         857  0.000000000000000E+000
         858  0.000000000000000E+000
         859  0.000000000000000E+000
         860  0.000000000000000E+000
         861  0.000000000000000E+000
         862  0.000000000000000E+000
         863  0.000000000000000E+000
         864  0.000000000000000E+000
         865  0.000000000000000E+000
         866  0.000000000000000E+000
         867  0.000000000000000E+000
         868  0.000000000000000E+000
         869  0.000000000000000E+000
         870  0.000000000000000E+000
         871  0.000000000000000E+000
         872  0.000000000000000E+000
         873  0.000000000000000E+000
         874  0.000000000000000E+000
         875  0.000000000000000E+000
         876  0.000000000000000E+000
         877  0.000000000000000E+000
         878  0.000000000000000E+000
         879  0.000000000000000E+000
         880  0.000000000000000E+000
         881  0.000000000000000E+000
         882  0.000000000000000E+000
         883  0.000000000000000E+000
         884  0.000000000000000E+000
         885  0.000000000000000E+000
         886  0.000000000000000E+000
         887  0.000000000000000E+000
         888  0.000000000000000E+000
         889  0.000000000000000E+000
         890  0.000000000000000E+000
         891  0.000000000000000E+000
         892  0.000000000000000E+000
         893  0.000000000000000E+000
         894  0.000000000000000E+000
         895  0.000000000000000E+000
         896  0.000000000000000E+000
         897  0.000000000000000E+000
         898  0.000000000000000E+000
         899  0.000000000000000E+000
         900  0.000000000000000E+000
         901  0.000000000000000E+000
         902  0.000000000000000E+000
         903  0.000000000000000E+000
         904  0.000000000000000E+000
         905  0.000000000000000E+000
         906  0.000000000000000E+000
         907  0.000000000000000E+000
         908  0.000000000000000E+000
         909  0.000000000000000E+000
         910  0.000000000000000E+000
         911  0.000000000000000E+000
         912  0.000000000000000E+000
         913  0.000000000000000E+000
         914  0.000000000000000E+000
         915  0.000000000000000E+000
         916  0.000000000000000E+000
         917  0.000000000000000E+000
         918  0.000000000000000E+000
         919  0.000000000000000E+000
         920  0.000000000000000E+000
         921  0.000000000000000E+000
         922  0.000000000000000E+000
         923  0.000000000000000E+000
         924  0.000000000000000E+000
         925  0.000000000000000E+000
         926  0.000000000000000E+000
         927  0.000000000000000E+000
         928  0.000000000000000E+000
         929  0.000000000000000E+000
         930  0.000000000000000E+000
         931  0.000000000000000E+000
         932  0.000000000000000E+000
         933  0.000000000000000E+000
         934  0.000000000000000E+000
         935  0.000000000000000E+000
         936  0.000000000000000E+000
         937  0.000000000000000E+000
         938  0.000000000000000E+000
         939  0.000000000000000E+000
         940  0.000000000000000E+000
         941  0.000000000000000E+000
         942  0.000000000000000E+000
         943  0.000000000000000E+000
         944  0.000000000000000E+000
         945  0.000000000000000E+000
         946  0.000000000000000E+000
         947  0.000000000000000E+000
         948  0.000000000000000E+000
         949  0.000000000000000E+000
         950  0.000000000000000E+000
         951  0.000000000000000E+000
         952  0.000000000000000E+000
         953  0.000000000000000E+000
         954  0.000000000000000E+000
         955  0.000000000000000E+000
         956  0.000000000000000E+000
         957  0.000000000000000E+000
         958  0.000000000000000E+000
         959  0.000000000000000E+000
         960  0.000000000000000E+000
         961  0.000000000000000E+000
         962  0.000000000000000E+000
         963  0.000000000000000E+000
         964  0.000000000000000E+000
         965  0.000000000000000E+000
         966  0.000000000000000E+000
         967  0.000000000000000E+000
         968  0.000000000000000E+000
         969  0.000000000000000E+000
         970  0.000000000000000E+000
         971  0.000000000000000E+000
         972  0.000000000000000E+000
         973  0.000000000000000E+000
         974  0.000000000000000E+000
         975  0.000000000000000E+000
         976  0.000000000000000E+000
         977  0.000000000000000E+000
         978  0.000000000000000E+000
         979  0.000000000000000E+000
         980  0.000000000000000E+000
         981  0.000000000000000E+000
         982  0.000000000000000E+000
         983  0.000000000000000E+000
         984  0.000000000000000E+000
         985  0.000000000000000E+000
         986  0.000000000000000E+000
         987  0.000000000000000E+000
         988  0.000000000000000E+000
         989  0.000000000000000E+000
         990  0.000000000000000E+000
         991  0.000000000000000E+000
         992  0.000000000000000E+000
         993  0.000000000000000E+000
         994  0.000000000000000E+000
         995  0.000000000000000E+000
         996  0.000000000000000E+000
         997  0.000000000000000E+000
         998  0.000000000000000E+000
         999  0.000000000000000E+000
        1000  0.000000000000000E+000
