  0.10000000E-01  0.90099542E-13
  0.15848932E-01  0.22636054E-12
  0.25118864E-01  0.56869855E-12
  0.39810717E-01  0.14286830E-11
  0.63095734E-01  0.35914748E-11
  0.10000000E+00  0.90367706E-11
  0.15848932E+00  0.22806663E-10
  0.25118864E+00  0.57922310E-10
  0.39810717E+00  0.14920536E-09
  0.63095734E+00  0.39492602E-09
  0.10000000E+01  0.10538170E-08
  0.15848932E+01  0.21324441E-08
  0.25118864E+01  0.35089705E-08
  0.39810717E+01  0.49869093E-08
  0.63095734E+01  0.63434858E-08
  0.10000000E+02  0.74443758E-08
  0.15848932E+02  0.82651784E-08
  0.25118864E+02  0.88418926E-08
  0.39810717E+02  0.92315502E-08
  0.63095734E+02  0.94872092E-08
  0.10000000E+03  0.96540155E-08
