  0.10000000E-01  0.24875958E-12
  0.15848932E-01  0.62404962E-12
  0.25118864E-01  0.15655690E-11
  0.39810717E-01  0.39205040E-11
  0.63095734E-01  0.97864157E-11
  0.10000000E+00  0.24263040E-10
  0.15848932E+00  0.59393458E-10
  0.25118864E+00  0.14187267E-09
  0.39810717E+00  0.32494514E-09
  0.63095734E+00  0.69715704E-09
  0.10000000E+01  0.13648469E-08
  0.15848932E+01  0.23866553E-08
  0.25118864E+01  0.36956493E-08
  0.39810717E+01  0.51048880E-08
  0.63095734E+01  0.64087813E-08
  0.10000000E+02  0.74769467E-08
  0.15848932E+02  0.82802490E-08
  0.25118864E+02  0.88485122E-08
  0.39810717E+02  0.92343583E-08
  0.63095734E+02  0.94883733E-08
  0.10000000E+03  0.96544911E-08
